1413 2723 781 734 543 2552 3302 3053 2300 4786 4438 1532 2611 1094 1469 4954 1083 720 542 1088
2309 844 4263 3282 3908 1565 474 4817 1349 3806 789 3588 1643 2922 116 4623 698 463 2415 2450
2921 4541 2368 280 2414 4286 3647 1845 3006 3227 317 223 3958 4076 3138 3053 2854 1326 3850 4817
4704 4128 1075 669 3024 3043 3405 3302 1139 850 3273 2260 111 1548 1418 602 2498 3022 437 3408
4263 977 3126 4415 1046 4086 275 2139 4971 2239 1088 4718 3670 1969 3586 2865 1722 1731 3611 704
1469 625 3779 3222 3557 437 1689 4134 1476 436 1310 963 3223 3710 2191 1371 602 1346 645 1155
4263 4526 535 2393 2385 3453 4523 862 747 3967 1793 3833 4086 618 1796 2180 3355 4168 3521 3678
2036 3556 3453 776 3851 2920 1731 4855 4621 1891 618 671 1150 3760 1715 2341 1788 123 821 3228
1140 1041 4209 2780 1308 3996 141 3670 3045 223 821 4267 2840 2827 559 4086 3852 1918 1679 408
2132 3607 4934 2067 3133 1223 2553 1906 3045 947 3678 2614 2318 4371 3670 460 1098 2586 3635 4209
667 667 1556 3556 1041 1300 2007 434 3053 2467 2779 4263 1309 2139 698 3678 4209 125 4375 122
1469 1571 828 2050 1565 437 3855 1333 1659 3332 3938 1970 4487 1689 3790 3022 238 862 4894 1918
3483 2854 2191 464 4994 2092 4270 3826 1667 4471 1259 4403 4415 1627 4076 222 3134 2505 4511 1090
4307 2374 1592 4791 628 2199 821 4855 232 3751 437 2146 3414 3075 831 1249 1434 141 4978 1537
2704 2922 693 4263 2786 438 2221 2414 41 87 3908 2414 2176 1139 2849 2661 3563 1239 3053 2089
3530 2566 585 2268 4523 3465 4067 1486 971 1980 1203 341 1780 3365 1648 3745 1299 2482 435 2565
1395 17 2062 301 3991 1235 4891 2131 2155 2611 978 1139 4718 3534 4086 3053 4860 1789 1665 2074
3171 1537 4263 349 3611 704 71 404 895 3927 2100 828 3611 3401 4209 3670 1439 2049 1532 91
2065 2857 2963 4670 3495 2028 1092 1092 3273 4827 3682 2586 811 2885 2631 4733 4626 3556 328 3556
3908 3939 4010 998 831 1833 1588 441 3489 882 4926 248 1851 4333 737 3982 1432 2391 2435 562
3933 474 2006 4565 2317 1249 473 1506 4756 2922 4978 3586 636 1116 562 2408 349 2399 806 3075
3872 397 4507 3776 433 1346 2611 3446 2082 4153 1041 3749 2827 2611 2611 3053 339 3096 572 628
105 2676 4672 1199 2964 3939 2789 1203 2446 4979 4328 3790 4836 562 3906 1726 4837 4461 466 1655
38 535 1837 4379 4369 1622 2061 3586 4290 2393 1166 1689 3180 2767 2369 3967 4095 446 2735 4086
300 667 1932 2025 4154 147 3860 4767 4086 3578 1005 4482 4092 3350 2074 2053 1562 478 446 4333
1066 245 4623 1155 2457 1314 3174 3484 2049 730 2408 2260 4407 1381 1334 2408 1328 953 2828 2378
1643 4506 385 1780 4086 4849 4449 1235 1484 2294 2393 1255 168 437 445 1088 963 2678 4123 917
2191 862 602 2393 4357 2924 4214 3262 3059 1627 4247 4826 2788 1052 241 1627 3329 938 4375 1794
941 3811 618 550 2176 2698 1418 2092 1579 1571 1653 2826 174 2391 4459 1550 2408 4285 2288 659
4495 4449 2611 2154 4689 3761 951 4731 3045 3437 2304 3790 3796 1191 3102 3146 2393 4674 4173 4810
123 2941 2314 3038 149 1616 335 4086 3852 1322 2672 2139 1841 1692 3053 1818 2005 3181 257 1019
1098 4836 2415 1837 3252 3607 2309 989 3860 4537 1604 2155 3631 3851 3602 4263 4577 4586 3408 3441
2921 3053 1447 1913 365 2180 4891 1136 780 3521 1537 2822 2317 4267 4415 4817 1663 301 1324 324
26 4628 3951 3729 4929 793 2737 3556 390 719 3053 1199 405 38 3582 4546 486 2408 3944 1347
2935 1416 2176 1045 1349 4908 1368 4983 4924 3676 294 112 3681 1766 4658 723 2298 3745 2860 831
2779 2611 1040 940 1818 341 4350 2527 4531 985 4855 3432 3236 4338 4605 2998 1088 905 2137 4523
1653 376 2399 1289 1088 989 404 4752 27 1844 2807 0 165 3308 1983 2177 3496 1426 2408 4490
4696 4891 821 3228 2735 1531 3883 1292 1632 4913 2564 2215 3241 3134 2499 4542 4565 3607 1205 3600
3530 486 820 1531 3852 704 2393 1667 535 4012 2678 2118 3701 2854 1918 1142 4596 2347 2176 1588
1067 3109 486 205 4941 1487 570 2827 222 2611 2467 3134 4587 776 1717 2865 437 800 3212 3563
4093 1625 4272 1088 3652 1700 3215 4768 2722 2435 1566 2251 3852 2481 3045 2633 2420 436 3658 360
3723 1203 3977 3401 2057 3480 3331 2504 3717 3695 2476 1945 4061 4461 1158 660 795 2892 2841 3337
2579 1126 55 443 3813 2399 2737 2164 2191 271 1326 364 622 877 4817 1328 1338 2773 3761 2393
3262 323 1471 2727 4639 1692 2993 1040 4144 490 2901 123 3653 437 3334 4978 4213 3972 1363 4071
737 4962 3900 112 3670 3939 2727 2611 4379 4243 708 2388 1516 3465 3138 4446 1419 811 3811 508
1235 3958 979 486 811 2611 1726 1088 4337 299 166 4670 4914 3749 2016 4891 3401 2788 4840 980
2844 3734 2422 4978 1373 4353 3081 4094 789 4934 2500 2611 4415 2399 876 2220 2290 3539 4517 2661
770 2074 2786 2611 301 753 963 704 1476 2903 4169 474 3273 2298 2435 223 1878 4052 3119 62
3908 3851 4504 4276 2719 820 3619 4987 3552 4411 1837 3014 4504 3478 1627 3053 1627 4578 3556 1689
3677 3734 2500 13 121 3996 4231 4005 176 1289 3068 3960 1030 3181 3219 2155 3410 403 454 2264
4263 294 3625 1524 4649 824 4628 1126 3022 3241 3014 3959 1434 2111 1126 3939 3946 2271 3851 4415
4865 2109 1001 2917 3670 850 250 1349 289 1153 2858 1818 3186 3790 3148 1643 2546 4876 1603 880
1653 3851 4515 671 4906 3076 149 4631 2132 3401 1704 2922 2042 130 3005 3678 2036 2890 3825 766
3418 3502 4263 2439 287 2399 3934 3057 1851 3667 238 3556 1397 329 486 3502 2131 3273 438 2619
2935 3608 419 3840 3218 2701 1717 3678 4649 3958 2699 1659 3586 3936 660 1550 2921 4430 1090 843
1830 170 105 4952 437 953 2208 1830 1275 1321 4484 2921 963 831 708 2074 4352 4058 969 1086
947 1891 3422 2836 737 2298 165 2652 2827 1027 766 1906 2191 2707 3763 3692 2360 708 4891 3619
2252 2678 4542 117 4489 1513 3575 1881 4817 4510 1679 1969 4033 817 2414 1892 2178 4415 953 1022
4206 745 3402 3544 235 3627 1210 1426 3494 1970 4487 2344 2727 618 941 2874 4594 745 803 1653
602 4415 3330 1842 2191 486 486 2408 688 2945 2298 955 42 831 4492 3826 3663 1643 4352 113
3357 3453 4315 2288 170 3053 2528 2642 3525 3931 2450 3401 4255 378 1522 41 294 1667 2841 1346
1234 2050 3556 2494 1622 1689 2133 668 3223 4182 1579 29 2415 4117 1685 1088 1622 1346 3982 2854
3357 28 4817 4601 4113 2191 1906 978 1076 2838 4999 4753 3045 1059 324 4903 1178 3409 4532 3957
4737 3813 4209 1321 2611 2290 3003 2528 185 2498 4352 2408 130 4596 405 450 3938 1199 2191 4978
