2905 4512 4338 307 2036 2963 817 504 3236 1293 1531 4313 1767 3843 2504 1813 3236 4756 2139 2514
1088 2528 2191 4379 2499 1413 2884 272 1757 2949 697 3166 1128 463 3300 1653 4829 1891 1488 4823
4097 3813 4342 4435 342 3791 4252 2246 896 2450 1032 2111 1531 3467 3707 1280 2393 1088 2450 1007
473 1125 3053 4876 3851 474 1321 4344 1279 850 4276 3586 2829 3222 26 4056 315 2649 2611 3556
602 1346 1522 3852 2898 1708 3701 950 4125 1653 2368 1395 4378 831 4287 3428 2450 1310 4908 4876
1161 4144 3641 1627 4727 4005 1525 268 782 1700 3039 2998 4149 758 2033 2769 742 478 2609 3675
3241 4098 1418 61 1445 4987 1622 2061 3505 4565 1878 1088 3530 1033 1108 2905 2405 4416 1913 1763
3218 101 963 2600 2089 3031 1818 4125 1622 3053 2288 4086 987 3064 13 1088 2415 3408 3670 1910
2302 1954 3045 2482 443 803 3494 2131 2141 2958 2087 1046 1627 3496 1178 4012 3053 3080 3934 2408
2315 2294 1791 4333 4649 1132 1580 2049 437 3751 2611 3133 1653 975 3682 1071 793 1980 486 4276
3530 3908 2042 3813 4542 3813 708 4024 1126 2733 4603 4214 2961 450 81 831 3908 2474 2050 4011
2164 4446 2786 3652 602 248 391 1622 732 4259 3053 3053 2031 4565 125 1674 4010 4333 2865 1155
1079 4446 938 2727 2611 3133 2922 1426 1719 2191 2611 2993 2191 1102 3146 301 2890 4502 2129 102
1328 140 2499 1700 164 2953 262 4678 4800 4221 4800 123 2084 2139 811 1667 2133 33 4855 3241
2935 15 3053 3960 3085 3670 441 4304 4659 2922 2634 4690 930 3415 1615 2031 13 4960 3857 2782
3378 2294 2643 2435 2074 3310 3215 364 3760 3207 1659 437 256 3751 3845 3946 4827 4313 2132 501
4906 2678 1941 341 2640 3053 3502 3215 1947 1538 752 3474 1627 3494 4798 1627 3256 4469 3678 1627
3908 435 4252 704 4123 3045 2770 2501 379 1653 1310 1689 2061 945 1784 2945 3366 2504 2142 1780
4205 4471 522 4845 4263 1054 1454 3045 3465 708 4912 704 1913 704 2791 945 2290 437 3466 546
2455 323 437 2344 3198 3727 3210 135 2072 1556 4891 2344 4105 2249 4027 4628 2135 2828 821 3652
562 2514 2036 850 1861 3105 3053 4214 4926 2334 782 4342 462 4506 3651 1325 4926 1568 1227 1801
1040 4565 4976 971 315 4069 3053 3936 527 4331 602 2377 349 3611 3273 1128 3791 4512 227 1453
2129 3296 2727 2611 1458 2499 3297 2290 3236 3996 3558 4089 2131 2109 2149 2315 3166 1142 3884 4325
149 1564 3731 3045 3836 1561 1178 915 2176 1726 4012 1465 1483 2074 4537 141 1088 3586 4906 4891
4934 4800 2786 4670 3069 3946 2492 68 4781 3977 3141 1003 2061 2178 2723 2775 1991 3570 1228 2849
3404 4672 1908 4577 3502 3669 4134 1421 3790 1784 704 4333 2860 247 2791 119 4563 3744 4125 3053
952 4586 1891 3674 4487 2903 3208 4352 3586 3936 799 4320 4779 2867 4276 3437 2836 595 3847 3806
3908 1848 1235 4338 3670 1627 610 2191 1561 26 3749 4032 2678 1032 3670 1447 4791 4289 2408 2238
562 2639 2295 1458 3045 3478 1970 339 4876 2613 2547 2450 2921 2089 245 2564 2111 3199 2807 2191
3908 1686 1690 864 4267 1511 811 1667 3494 2611 3228 4333 2450 2564 1126 821 463 1792 2074 3388
1150 2305 3557 4144 3665 260 443 3431 3421 4919 2498 4800 1067 3494 2087 782 1689 3852 2414 3663
3009 708 32 1997 1622 4764 1659 1750 4256 1223 4817 987 4378 2611 1310 28 2408 1346 3218 1767
4487 3045 437 3931 162 1395 2131 1653 727 1653 1874 737 2131 3242 2049 1136 2446 3227 2993 1375
1635 810 3053 4352 615 2057 1465 4263 375 2970 3045 2982 803 1199 2414 2865 4586 3729 610 2191
4279 3852 87 1818 1622 3716 3570 2812 4131 821 2642 3496 3252 136 1041 4537 4672 4214 4538 2786
1083 3053 1088 1635 2611 341 3411 3147 1840 1589 3397 1145 2975 2011 1786 2592 895 3494 3465 3773
1653 2238 4125 3525 1128 3678 2146 3230 477 3672 2527 3053 3348 4205 1075 3756 4056 88 1604 2360
1050 435 136 1127 535 2903 4626 1858 3202 3791 610 2788 1012 112 3525 981 2439 4662 2509 2139
1413 3683 3944 3586 1040 574 2191 2556 2415 3977 1588 889 4792 1689 1531 3017 3948 821 4839 3674
4399 3906 4037 4873 3556 4718 3996 2191 2155 2349 443 445 653 260 3663 437 535 2191 602 1346
2993 1375 3508 3798 2521 4367 2176 4205 2767 1842 215 4670 3674 3670 4487 3996 1275 4503 182 3465
770 4933 3418 895 450 747 2533 4313 4827 2314 2674 2030 1067 2760 341 4836 2191 28 3996 394
4259 15 2922 4338 2639 1328 180 1132 2992 4154 1492 4791 3293 3727 4154 4296 3749 3494 960 1311
2089 2155 1454 4966 2542 2611 1565 437 4446 4352 102 1625 4379 708 941 4613 4465 4352 3401 2061
2505 486 2611 1294 3494 3678 4086 2611 68 3339 799 4270 1812 364 1864 4407 3228 3617 1956 1716
1418 4086 862 1582 4670 4906 3525 3465 335 4086 3130 4993 2922 2828 4558 2727 2246 1286 4314 3894
3340 4415 3358 2934 574 4493 3670 3502 682 98 1961 3607 1818 3670 2775 595 4372 1280 1561 3053
3908 2528 486 820 315 127 3330 1401 1235 2074 1627 3790 610 1286 4526 1476 835 443 1569 1325
1454 204 2498 4978 439 3670 886 366 2757 291 3803 3408 1847 4144 2220 4802 4123 3408 1223 3022
2084 2191 963 2504 4097 1674 2393 2042 1498 1328 4830 1708 732 1142 3670 4487 645 3602 2965 3317
1235 2779 2481 828 2176 2903 3906 499 4967 3609 490 1913 72 2111 1454 4487 2246 4859 2408 114
3852 151 3434 174 3770 438 1885 1193 1883 4775 4565 2914 1080 2238 941 1041 3586 3760 2470 1089
1808 667 2220 1069 1622 2573 4270 2943 3045 15 1308 637 2753 4056 260 1346 1689 4071 2573 2678
4263 138 4056 3558 2027 4796 1430 960 41 4623 550 4690 272 4709 1469 4267 2780 342 1229 3465
4637 3093 1328 3813 751 1155 2854 1667 2921 2220 2074 3580 1932 2887 862 2295 232 1011 4144 3332
4970 170 3678 3602 486 2905 1136 3408 1110 2822 669 2061 1417 2415 3991 112 1791 2860 3102 3059
4259 2662 1088 1522 895 960 1039 2191 3608 101 2999 226 2191 2611 2467 4000 3996 3908 2320 4011
516 403 2383 2298 4031 4546 1310 2779 3678 3053 590 474 602 1482 1962 1346 4941 515 3958 1317
1470 3045 489 882 1864 1848 1242 1465 2963 4978 4076 4338 3670 4487 737 704 549 3370 2715 3439
1492 4195 1709 3053 2788 4737 1041 704 798 1199 3248 4649 2154 3147 3321 3139 2446 3790 1328 817
639 2325 4604 3652 3045 2786 4290 4913 1352 4252 2111 1522 2854 4089 3763 1525 437 3914 2203 3332
1880 2611 232 3758 2482 817 1056 4052 1116 2890 2377 3045 730 1235 4289 3053 3811 1142 1178 4891
2191 30 4446 3146 1835 4313 3022 2585 1155 463 1653 3332 2111 1352 2271 3609 2016 222 1246 4342
1789 1731 2877 1416 4817 3830 1413 4352 3758 4535 4252 2992 30 3586 91 2191 1980 2849 166 4873
