2318 545 3760 2774 4131 671 2528 1610 3408 4941 1897 2528 3905 2415 4993 704 2410 4877 123 949
2390 4004 4415 2701 2849 1346 1821 15 4076 3467 2344 2901 4080 607 1321 1346 2393 667 2865 4609
2195 2323 474 485 4276 4480 484 422 4746 3557 1040 4855 1041 1655 3045 3429 404 2508 1421 665
1178 1702 724 1413 938 3586 2922 116 4232 1045 3749 2399 1520 13 2478 1559 2928 2408 247 1908
2779 3022 3760 938 3240 3836 3212 2922 704 3604 602 233 1009 3497 2019 3053 4415 3994 3839 2745
1814 3945 2252 767 3045 2027 667 4382 2993 1375 4964 4626 1693 3756 161 3556 1906 2208 2049 1335
3908 3019 2922 4891 3619 2935 1242 1701 13 3557 1286 3378 1425 562 1041 2693 3053 3647 2498 4263
2640 1041 2727 3765 844 1757 2774 2528 1069 443 2294 4350 4311 1985 4503 4082 4855 4824 3228 3494
710 1446 486 146 2874 2177 4912 4629 1916 2408 1155 28 2178 583 2642 3678 260 2918 3492 4606
236 387 2242 4406 4817 4209 2508 4596 4252 1726 4446 669 296 2905 963 1325 2110 981 2191 2562
3847 2461 4668 4702 130 3927 2860 815 4525 3749 273 4575 4987 2414 4776 2131 4546 2007 2481 3186
770 2087 1142 1653 2074 4543 1101 4256 2773 1088 3126 3611 1758 527 4086 2294 1673 335 593 4086
340 2139 4696 2215 1646 3333 2925 2879 2747 1101 3734 1041 4565 889 1561 885 3272 2611 4798 1837
3363 2191 1994 3237 3670 1334 704 4089 3081 3420 2854 3420 527 4855 2922 2760 3134 4471 3927 141
2481 1941 969 2053 535 602 2191 4960 446 4276 4314 4973 861 52 1328 204 1124 981 3028 3033
28 1465 3041 2305 2212 2993 526 3758 860 166 3547 2092 1788 350 3906 828 2512 2146 1346 2344
2082 3250 4575 740 102 2133 2139 1492 350 3146 1439 435 4478 4799 2191 3202 3756 4604 3529 3790
562 1328 4913 1342 3252 4003 2414 209 739 1465 4967 251 3014 3906 4378 2633 4616 4829 1012 1793
3032 1579 2309 1456 3245 4085 1014 558 4263 2133 1891 2019 751 2294 4763 1061 4891 3081 438 4125
542 1592 125 195 3820 1862 3790 850 704 3891 1318 987 1050 165 2038 3031 3582 3072 1296 1275
2914 4010 1980 4205 1897 486 2489 3678 4374 3982 4987 226 4851 61 2905 704 4248 4537 340 275
969 466 2036 3019 1635 2308 608 1622 437 4485 3842 3045 1164 3559 4957 2191 1005 2308 3045 4446
3872 1627 1362 3262 4394 1882 3617 3218 4675 303 2755 1097 1264 2298 3189 3939 2727 4123 704 742
562 1203 1142 2450 485 437 3069 1979 2357 3957 4280 4601 2098 1418 751 22 2409 3311 1283 811
816 2176 464 2121 3600 4017 1083 3240 1913 2191 3610 169 4140 4979 544 3782 1598 3830 2667 1142
3908 1522 4985 1131 248 435 4643 3224 3632 3685 4629 4963 3102 1862 952 4891 2139 48 737 4086
4855 2938 2393 3404 811 2081 1088 4914 4537 4532 3647 181 4626 349 1083 564 3897 3852 2528 667
3363 1140 119 2049 2063 2905 4438 3938 2315 3341 4338 3751 3077 2499 4866 766 2074 2074 1799 4126
1335 4559 2214 2074 2715 1088 28 4254 446 3133 248 4974 4798 3830 2074 4851 3137 4684 1139 4993
1219 1950 3415 4185 4978 2828 2482 2084 41 4865 132 3053 2298 4480 2890 2640 2631 1088 3053 3053
3009 4418 2408 2191 4738 1041 3756 906 4624 3939 3989 391 530 1328 4865 821 4333 1413 576 3189
3509 4010 2760 3134 810 2774 4737 3172 4990 4344 1531 3565 748 522 2171 2280 4179 441 4855 3453
4206 794 2295 2600 2238 2771 3241 443 2922 3603 1484 4563 602 4713 4318 3273 3483 105 3073 704
4206 1574 4759 4141 2600 435 1917 1880 1142 1692 4565 379 3670 4427 1063 2030 4170 2399 438 2399
1812 1561 4850 2061 4357 4086 2200 1600 3332 2640 415 4504 3181 2226 3623 2191 1203 1005 3317 1088
1418 1470 2775 1625 3586 1354 28 831 698 1455 4270 4906 3357 3832 1009 1486 4337 1667 710 2111
310 699 535 4123 1368 466 2435 1182 1203 315 1653 1561 809 3496 4623 2566 1667 3053 4375 2611
3404 704 340 1661 4690 4542 3678 2769 3557 2608 1545 2739 704 3295 1128 3678 2999 3330 4000 3172
4817 957 1041 4542 3496 4378 4855 3336 1502 2420 1703 2521 3947 4012 1126 1033 665 2698 1172 1891
4759 1689 3674 1142 3907 704 2727 294 466 374 3429 4865 3651 102 1426 1321 2220 1066 2090 2727
2962 2189 4149 4957 22 520 2360 4065 3551 1041 1837 2611 1726 201 3249 3272 2049 3317 672 1228
364 748 3338 4089 1365 871 611 4010 1861 3760 360 3912 1643 3332 3813 1993 2030 1891 2748 3557
682 4967 3811 2600 3958 4558 2586 2246 2408 963 4798 4623 1991 166 1840 645 4855 3959 3053 227
1040 1947 1125 3372 2849 2849 3401 4670 3701 1286 3110 4044 2824 969 1841 1431 2030 2935 3826 102
1469 2374 1537 4149 505 1578 3409 4134 665 3906 989 2854 1713 3547 1432 963 4078 107 3911 2727
2632 2399 1139 1837 4285 177 3674 436 4827 4941 4319 2613 508 4307 3089 4827 3682 3557 732 4543
4086 2221 3890 1511 3412 3053 2874 588 4879 3606 28 2528 3609 2865 2092 3586 3218 451 51 2481
3404 882 4860 2408 437 2829 101 3141 3222 3139 3236 3494 1418 2092 3992 4697 4877 3840 4865 4086
704 3944 223 1476 2408 2318 4369 2294 2611 3934 1128 4535 1864 4080 165 4307 232 1910 2639 315
3162 1692 2981 3607 3674 1346 1565 4387 2727 605 3311 28 4879 2191 589 41 1627 2068 704 1535
437 2610 3813 474 4086 1176 2292 610 2782 4855 1194 3302 4500 2793 4054 876 4378 4252 320 1233
4269 3053 2528 2678 3958 2579 4764 4978 1155 3028 3852 1627 4149 1507 4459 2963 4855 535 535 3674
1140 4276 4287 981 2221 652 4660 1784 4078 42 1235 1088 1157 864 1106 4668 3765 3134 4699 1365
3908 3670 3586 4214 2220 1142 4831 3617 2544 4342 2805 2164 2977 3252 505 2385 3184 2294 2115 4577
3933 2678 4542 2822 4504 1092 1622 2033 1482 3465 1326 1622 2302 4398 1553 1150 2649 2195 1301 2440
3651 1336 4670 4115 3521 3586 4426 1537 1666 4940 2242 1135 2268 1709 918 3053 364 1203 4565 4426
170 3388 4460 119 2642 285 2074 4276 1321 2428 4565 227 441 3053 2042 4332 4452 767 3341 618
864 2913 1818 2611 1891 2727 2611 4438 535 1458 3678 543 3102 2286 4437 4246 486 4655 4855 4389
1135 463 4394 2294 2131 4150 2512 4565 1689 4326 2408 1308 2922 2498 4952 2393 443 3810 2554 530
1303 1690 491 793 1349 1081 2134 2406 4086 3022 2191 4311 4940 440 2295 2450 126 4112 2191 2644
3454 1957 2972 3611 2943 2191 977 3153 4479 185 4481 1861 4941 2815 3617 740 1653 1326 1441 2387
1808 4670 3670 693 1537 1184 2377 1088 2220 2807 2399 4523 2905 1104 4130 1097 4231 4517 275 463
602 977 1881 2408 2391 2526 4502 3451 1808 2602 4402 4333 4798 4270 2219 1308 2513 4401 1068 1731
1565 1653 941 3939 2956 4718 2423 2528 2938 1177 3175 3580 4500 165 171 1837 241 708 2030 2084
