1844 2238 2439 4855 1726 779 3756 4239 1012 1470 4861 102 1719 4123 3201 2844 3749 2061 4350 4817
1504 1653 4314 1564 3365 3606 2116 2167 4401 226 3134 3908 4415 1088 897 3186 4522 4086 2394 1627
2455 4487 2246 218 3853 817 2393 4698 4318 1622 280 155 2786 3483 1627 4565 2450 437 1338 4076
486 258 3880 4763 3451 527 4979 4963 2139 576 4350 4205 3674 1413 4537 2955 2218 2294 2053 1818
170 2838 437 2032 1667 2381 1893 3273 2992 4994 1604 3958 2440 2191 2027 117 1294 2280 1627 2410
3847 4717 2391 2132 2863 3332 1844 3586 1088 3852 1045 940 395 4911 1980 112 3295 2449 3525 1346
667 2261 3960 4128 2434 3553 4851 1726 829 4618 1311 4639 3506 1265 1346 4690 1667 4879 2131 3494
2499 98 429 4861 1530 3437 3389 2611 296 4670 1813 0 3906 2139 3938 4065 4859 2860 54 28
3908 3670 3773 704 3851 1689 4276 4817 2602 4387 4515 1116 4263 4894 3749 1969 3451 4800 3045 1076
3957 15 3053 1573 486 1243 704 4362 4263 2457 4019 2860 2298 3968 3241 3577 1790 2052 1071 940
1653 4086 2761 1667 3611 2609 3678 4352 2674 3852 2294 1045 3420 4876 378 3446 2191 2890 2573 4270
4076 3586 1040 3887 2268 3222 165 1418 4817 1556 4086 2175 2640 2824 2481 315 3248 4664 3843 3045
2415 2344 1453 4379 895 2723 2118 2462 4342 3647 3183 4097 1213 2727 232 3380 1136 162 3053 125
4086 671 1088 474 2361 4779 4680 3053 2611 4876 1635 3241 4769 837 604 954 2980 1150 1132 2019
1416 3925 4562 4859 2860 862 2050 3939 1910 4176 644 620 2414 1845 3241 166 800 3139 599 2611
3908 2178 1913 2756 2921 3045 4565 1088 645 4352 4941 4438 4333 4081 3022 4149 91 4052 2504 4398
4704 2853 4044 2044 726 3390 2605 667 2860 3834 862 443 3749 419 1622 3908 2504 1530 732 4209
3363 431 3053 3022 3678 260 2414 3053 2528 4471 4523 1689 885 862 3316 895 2838 1203 4333 3582
1913 3749 4802 1709 2217 4056 696 3678 1139 2827 618 4490 1346 3852 2922 2936 2223 3437 1223 1511
2220 3311 3584 3146 435 1851 3366 2191 453 2451 3222 698 2298 4865 1848 2678 1689 2965 4881 1754
3908 4153 1770 4810 2993 1588 441 2950 1084 790 4086 2118 1469 3043 4819 1088 2368 2540 1342 2061
4899 425 3045 62 3353 4504 3682 2963 3982 2655 3099 3053 1199 1132 4338 474 3246 1734 3603 1653
3908 1913 2611 3019 2528 3401 1277 3279 490 1270 3053 446 3451 4498 4014 341 4478 3669 1653 3925
4206 2244 1321 451 3019 732 4827 1942 1027 4487 1458 962 1415 4827 2256 1627 3739 1098 1041 3451
2579 2079 3754 4908 1076 2092 2640 2031 2399 2191 4906 4756 704 3022 437 2214 3189 4670 1893 779
3674 4071 1439 3772 622 41 2468 1853 4718 112 4987 558 4271 3408 2191 4978 3570 508 3791 4313
3389 1835 4891 3965 3236 4891 4394 3714 821 1460 4526 4000 4122 1531 963 4570 3899 606 4319 2007
2640 1784 1935 2159 4779 543 2727 3579 121 15 2246 1530 2139 2191 959 698 4382 501 4615 4784
3954 15 109 1365 984 2640 869 1889 1398 4565 1622 3939 2221 1861 2414 1244 2450 2381 2129 1395
602 3045 2533 3437 977 4333 2874 3774 3756 3779 315 166 3259 4727 794 1844 3586 947 4012 1980
3009 1840 4446 4948 3233 2313 618 2298 2349 3071 1980 882 2074 4511 466 4144 4626 2922 1041 3053
726 3001 1041 1041 3372 669 695 3236 4623 2964 1770 3678 293 2528 1128 1508 977 233 1364 4756
4623 4319 2074 4089 175 4830 293 1635 3334 704 1363 2826 1757 2611 4352 4086 4908 862 2344 3045
1069 704 1277 976 1040 2596 938 2954 1695 296 1593 4094 4374 397 3717 3228 136 1471 452 556
1235 4086 271 4694 3758 3053 978 1342 13 687 876 918 4086 2919 1909 704 1294 4855 1325 1063
2220 1441 431 3857 776 3053 839 602 2435 576 3605 4530 3045 4056 3105 2030 1791 1910 90 4957
4089 586 3619 466 2191 41 3686 704 4879 2517 1342 1346 4063 527 4656 821 1264 2132 119 2135
28 2238 3057 1622 1432 2120 4940 4941 437 3053 1818 960 2489 3378 1446 4415 2238 1186 1469 101
3081 4500 2074 2221 692 4014 1335 3600 3014 839 2191 3332 3139 3053 1891 2435 4542 1528 4800 3494
1889 1103 4131 4065 1112 4908 3408 3442 938 149 4597 723 437 4259 4855 3451 1309 3609 550 1328
4865 794 562 4880 3401 132 4816 4860 3637 704 4659 2294 3502 2779 618 3751 3685 2668 2074 1310
4737 3556 1891 1421 2642 248 1476 4024 2450 4352 895 4270 3034 2642 2414 3908 2441 2363 2191 3508
161 4042 2993 2375 2191 2484 3332 667 2394 2963 1325 239 2824 949 2408 4515 4769 4205 1599 2828
811 4383 535 1458 4906 275 1087 1918 2640 4401 2988 4978 1494 2408 2149 3045 2481 1820 4149 2191
2408 2860 211 1470 4086 2084 3428 1667 4415 1653 3019 4086 4184 2876 3053 3960 2805 1235 2408 4012
3734 4737 4097 1126 940 1142 1632 2758 2102 4291 2909 3133 2778 587 296 3357 1328 1864 2678 1898
4495 767 3530 1012 4276 749 2316 3892 4784 2827 3053 4203 4446 1689 1609 1556 3242 1457 3686 3891
3908 2016 665 2220 4586 2415 780 4784 1128 1194 1780 1316 2564 3227 1880 1932 2786 2293 4546 1622
3847 2828 476 237 2470 587 4616 2024 2824 1049 3494 1627 4333 794 4289 4623 3570 4506 4817 2552
3908 704 3045 771 2238 871 2723 1083 835 2450 941 4271 3647 979 4313 1159 2922 595 3201 4177
4500 885 2828 1473 4368 3620 3045 4446 2049 2459 2611 1439 4166 3465 1689 3939 4880 1069 4978 4307
3908 4279 4411 2101 139 4634 2191 273 270 956 4607 3150 4596 2413 1750 1855 3045 1561 3053 1970
1891 3401 2611 1187 1243 2788 4987 4827 4855 2032 37 3134 1418 4086 248 4974 2674 1820 698 112
602 2828 3453 2399 2271 4751 3240 674 589 1695 1969 3496 3301 4902 2131 1668 149 1622 4496 2137
1816 1007 2298 1287 3187 2176 2304 2446 732 2057 2191 294 4985 3326 2909 1655 2524 1573 1653 1708
340 1321 1844 4255 1312 1203 2413 4891 4891 328 3405 760 3851 1855 62 4252 1571 1506 4263 22
2031 2139 732 3312 3306 1166 540 4083 595 2505 2111 439 2777 491 2499 971 3071 2444 209 4441
1496 1041 2146 3853 435 622 3420 2214 443 3617 732 59 3181 3906 41 940 4471 3053 960 3332
3847 4956 4205 3946 301 2613 3796 862 1426 4502 4975 1418 4314 2246 1453 3082 2113 3317 3228 2874
2570 1470 1098 2136 222 3851 3483 1980 501 4957 2364 1572 879 4570 3611 3074 3824 2698 4957 1837
562 2079 4338 860 1223 4773 2922 505 2191 486 2396 4276 1496 1230 4487 4531 4736 4798 2139 1530
474 3530 2477 2414 2651 1991 3076 2790 4816 3556 4751 1913 3852 4305 2828 3451 2609 2415 2553 602
4080 742 2147 4270 166 2393 1153 1793 1537 2611 3833 4086 2152 704 2320 2499 3124 4817 4438 4110
3991 2919 1083 4158 4891 4891 4668 3350 820 1643 2393 2498 3082 1618 1848 3053 3053 1088 2191 4670
