1069 270 389 361 165 3549 986 4477 4153 1041 1488 446 2790 1794 1311 4205 3986 4957 1608 862
3670 4487 1011 4425 4642 1268 2788 2727 896 3602 1522 1027 4446 3790 2027 55 3882 4104 3134 2044
562 3670 2404 2074 2854 2191 2611 4861 3654 4041 808 3939 3751 2595 3053 2528 3772 551 128 2063
3357 3494 2213 761 358 2815 2693 2408 3252 4613 3749 4214 2640 3494 3241 938 672 233 807 1335
3791 3269 490 2918 748 3813 463 4523 1692 4535 240 1234 1197 1235 466 2843 1465 3394 4379 2394
116 2074 223 376 1350 4624 4851 737 3852 414 2467 1401 1864 3181 3011 4649 1088 3039 3557 2191
1808 947 3520 432 2803 3513 4894 3582 2993 3530 1956 4467 947 2323 3330 4446 4378 2139 1002 1689
3437 978 538 3760 938 4205 437 4531 3141 1575 1346 4623 165 835 885 4865 130 3014 2288 2721
1172 1142 1052 2788 2191 4379 3899 3772 2408 843 4276 2155 3678 1194 4205 2922 676 123 789 4087
2640 1041 714 4798 2526 2779 3230 2843 4670 2195 1667 3647 3549 2521 377 1112 4024 3617 4446 1571
2198 3746 3670 4506 1169 2221 3663 3330 2208 227 4784 1046 322 2773 2860 4131 663 2090 1142 360
782 3632 3408 1128 938 3332 1198 3982 1484 2061 3081 782 628 3858 3045 2633 2116 1326 742 3680
3946 1797 4289 3813 2889 868 4270 166 1469 1312 4757 602 2608 535 2191 2611 2049 1308 2139 3557
1210 908 4294 1232 1856 3178 4673 2905 2203 102 3134 2477 4296 4379 597 223 1211 1627 3682 1991
3009 491 4921 780 3369 2451 1253 3073 2191 2294 2246 4855 1409 1088 862 122 4100 42 2611 1465
1432 667 3774 379 4817 466 4850 4978 2952 1426 28 4032 2450 2054 1328 4913 436 1667 3223 4855
909 3951 2450 4827 257 2564 4263 379 4214 3790 3852 3252 2298 4205 2640 2031 3850 203 1784 3453
3357 2348 4879 2119 928 2472 2611 2113 305 2874 4438 2220 2429 244 3045 4100 3727 661 3259 4879
3772 3976 1155 3366 1668 1235 4010 4827 3827 335 3586 659 2788 758 2038 3222 3408 1757 4610 2238
2155 3311 2038 1470 4817 2391 2610 375 1272 4056 3924 2074 2074 2191 433 241 631 4492 437 4329
26 1561 4533 740 799 1920 723 4859 281 2745 4313 4649 2457 821 827 4960 3265 2271 1838 3960
4093 2499 2038 3028 2451 1058 194 3769 2786 3053 4586 1913 62 810 2498 4859 3996 897 749 2505
419 1342 374 4086 2512 2068 740 1460 1530 1405 1582 4069 4093 2031 275 2087 4140 977 1522 77
3908 3996 4817 3502 1301 425 4609 67 2244 4342 2083 3670 648 3465 1069 4604 945 301 2513 2391
593 4446 3022 4342 714 2082 874 3564 3053 4313 2525 4926 3502 3134 1056 2191 2611 2118 535 3053
204 3364 814 1055 2334 1325 432 315 1653 0 4931 780 4668 1002 4379 4010 2439 879 721 3946
453 2676 4097 285 675 4079 2965 541 4252 665 3054 1192 2788 841 4872 4874 3938 2450 2049 3602
2788 1328 2826 2642 490 3632 4352 3451 2119 824 1413 4315 1325 275 4424 241 3607 799 4817 4214
667 2789 3273 1076 3363 3939 1294 4672 2642 4149 2113 2661 2849 432 3001 3899 3022 3215 2611 2142
3218 1241 3751 2611 2178 4417 2410 1913 909 436 1142 1286 4352 2615 2824 2580 4263 2929 4756 4672
4206 2030 2100 4994 1124 3058 2198 4797 452 2860 3813 4205 1844 4789 1592 2828 4860 4446 505 817
602 2408 527 2294 4149 3859 1550 595 726 1027 895 3081 4490 1627 374 2408 2788 2918 4214 13
2300 1709 4879 4837 577 3586 2408 264 4252 2898 3208 4446 4948 4086 1205 4263 1889 2640 4304 2450
4086 2707 4873 4957 1522 1622 1627 1332 416 3434 1011 1862 794 2500 3218 2406 4865 2683 3751 1090
667 1689 1538 4312 4484 2899 4205 1164 2611 4861 3142 440 4936 2905 4586 3183 3409 3694 2642 2404
2439 4342 2965 945 2775 1851 1622 1627 1741 2344 3554 3908 1136 4950 443 3557 2199 4506 2408 2482
4399 870 4601 4565 1310 3045 486 3936 1913 2793 4044 2904 2521 780 4205 284 2905 813 4512 2600
2178 4994 2110 590 4214 2586 2435 4037 3933 335 4596 3465 4144 4668 4398 3846 4810 1321 2191 453
770 1397 4915 2865 1011 530 128 130 4879 1426 2399 4289 4027 3982 4694 1418 15 1074 1088 4696
602 4307 4672 4646 876 4756 4276 112 4737 473 3457 4044 1702 1012 1941 4303 2007 113 2176 4902
505 391 3212 4097 4276 4855 4191 2191 1012 4035 2246 2089 1840 171 1845 4289 2481 751 2844 335
3784 419 1328 2191 2050 878 95 2074 4941 829 4967 1891 4879 1471 737 981 437 3338 2778 3572
3363 704 2074 4276 2191 232 273 4431 2393 1439 988 270 4914 1941 4289 3790 3150 1621 1453 3401
1844 4635 1342 3790 4214 3240 3007 416 2785 2774 1194 1747 971 2109 2001 4480 4473 2027 4259 3189
2779 3727 2195 1653 4941 4880 1045 3872 3839 3813 2474 2907 2191 1203 3835 102 704 3773 486 2891
984 4069 4289 4252 1496 3989 2640 2238 4702 2556 1041 1041 2611 237 1565 1352 3152 1265 3751 4865
4773 3852 2898 2344 4370 2730 59 181 501 306 4210 982 2483 2408 850 4276 112 1784 2049 2696
811 770 2087 2905 4670 4987 836 1689 397 1625 4315 1083 2238 1674 2149 2528 1618 2642 4928 4372
3414 478 3181 304 3506 966 3908 454 2414 811 1395 181 2032 4844 1980 4144 1767 1128 2501 1748
3751 2701 1226 2483 4076 1199 2129 1587 3878 2018 1749 2939 1617 379 2090 4891 965 2499 1128 3146
3220 2786 1913 2079 1469 3273 2632 4604 2639 4780 112 3545 981 821 2749 2385 2824 535 962 984
1969 1478 2770 475 112 3482 4670 2155 724 185 2191 1439 3667 2298 4166 868 2778 1465 3401 4252
3908 3019 3230 1011 3650 3934 747 4252 4379 3670 2189 3582 4817 2752 3825 1342 1142 2963 2191 2790
4776 4891 2547 3670 2191 1603 841 2922 2828 2849 602 1561 3939 3670 1346 4100 3982 3564 2935 4771
667 732 4596 1709 3236 2061 3411 2178 2558 2281 1782 1449 515 4338 3603 4086 535 535 962 2828
602 2827 437 4289 1342 2271 3494 4097 4313 2578 374 1740 3876 619 4670 1493 3257 2414 165 4670
3847 4342 604 1434 1365 3991 4773 4827 1572 4017 2753 407 4282 985 1837 437 1067 4342 691 76
4259 3126 3147 3408 811 2203 3268 2843 987 1094 4946 2272 4255 1749 3332 2224 2501 1531 3241 2884
562 1328 2393 1191 821 342 2030 4507 2310 2922 4076 897 2993 508 940 2450 2408 1561 2595 4086
1492 1535 323 1531 4378 3659 4909 3081 2195 2922 1358 1142 4546 1556 2216 2838 4674 2993 3670 379
3357 1155 1627 4478 2089 2761 4342 2945 2675 4094 3583 2053 3053 1827 3408 4005 1553 4339 4913 1784
1643 1093 315 4897 3483 3494 3756 864 1452 1561 2068 4372 2450 3563 1590 1478 1345 841 15 30
2935 3218 4256 704 4907 2788 9 732 3619 4307 1571 885 2824 2661 1993 2564 4487 1556 4615 2271
2935 2653 3165 595 1076 496 1559 4000 4214 664 2179 2898 4381 3408 1432 3756 2856 3071 562 3772
