811 3053 4415 4374 559 1012 4966 4279 4480 105 4086 294 2393 1653 4604 15 2015 3053 2854 174
2481 1556 2139 3019 4817 1522 2176 4840 2070 1223 4714 1027 196 4604 1980 3408 3097 2191 4504 3653
508 1390 4649 2884 1116 105 3222 3053 1692 4406 3273 1012 2610 4250 294 438 28 349 4247 2159
1957 1689 4613 141 2419 3647 4263 3260 4607 2334 2849 1592 187 2271 3143 3852 839 3939 3723 3202
3530 2477 349 3140 4252 4010 3894 1198 224 2633 3749 3494 2218 4012 4698 4315 4038 1508 1076 1556
112 3534 4267 42 2450 2030 112 4205 4714 1139 4978 2238 2414 2498 3457 2552 4312 4796 252 1030
4093 4672 28 4086 737 1205 1653 344 1365 3908 4817 3450 3457 4287 4081 3813 3826 3453 3366 2564
4259 3053 3578 3212 527 4086 4263 981 3602 4979 2919 3539 2594 4530 2220 692 404 2753 4978 2133
3212 2780 1264 1568 4642 1244 2505 3184 3772 4140 275 2377 4994 1531 4076 2993 1406 1771 2463 1627
1766 4333 1991 544 2611 4908 740 4624 3586 704 2074 2972 437 4798 2824 4270 3606 3787 1993 1740
2455 4313 809 174 1041 3053 3053 3053 4199 2100 1635 1916 1850 1140 1582 3408 4248 2938 1199 4698
3908 1604 3751 2611 3143 879 1346 4379 4415 4313 4850 323 2611 4941 1667 3061 2699 1805 157 2429
486 4086 4891 101 4798 986 232 2849 1088 693 4639 1109 2304 1234 3404 4523 280 4205 4906 174
3246 3414 1397 965 2953 556 559 2964 1130 1627 114 4987 4276 1132 1268 1508 2446 2479 3252 836
1077 1455 2349 4697 990 3856 3053 432 2293 4415 3053 3811 4896 3236 1627 1088 4094 1418 2192 2903
4311 91 4515 4483 613 4648 328 1977 2971 543 3380 2335 1990 3045 1886 2958 3719 4604 3664 91
2509 2320 3980 437 3219 2743 2462 778 2423 2191 885 2155 4861 4830 4639 595 4978 1043 4140 220
4759 4444 2399 1726 1041 323 3496 1011 642 1007 3557 782 4537 3405 3222 3053 11 1199 2220 562
4585 1635 3053 1627 1041 391 4891 2393 1740 1342 273 1239 4415 1767 3052 1363 280 3478 1600 2610
4781 1913 4668 1325 3241 2854 248 2034 3053 2385 273 3502 4569 3014 4480 4344 1155 3507 1709 4536
3418 3586 4631 3917 3525 3081 2118 4512 323 4369 2663 4537 903 933 3181 1235 2323 3421 2089 756
2760 2211 4209 171 3053 1679 1913 2628 258 1653 497 3525 965 1382 286 4855 4904 1852 2271 2844
3791 4963 3212 2408 1364 4840 4333 4855 4086 2408 1885 2118 3549 1041 1889 4012 2118 987 2221 3230
3162 3670 1386 3539 4851 407 4289 3456 1240 1675 4694 2109 4555 4417 4313 2610 65 3306 936 260
3389 3384 1580 4781 2408 2611 1268 3252 522 2504 2414 831 3172 2288 3579 1232 1146 4698 1561 2049
2354 4086 4263 3851 1962 4209 4560 4456 2717 167 4862 2470 4415 1321 981 3045 526 708 4052 1789
2570 2570 3181 3563 4565 3411 1632 782 4307 4263 2446 2155 2922 1011 1413 248 2408 1328 2393 1153
3826 233 4492 205 1653 892 4140 251 1757 116 1458 3133 15 1012 956 3469 1889 879 1318 1789
4259 1041 930 3513 2922 3418 1627 1604 3647 1602 4548 1847 4891 48 1820 2731 474 2573 2408 1726
4737 1397 254 4487 2074 2529 4089 3557 1861 1253 4086 2030 42 466 4565 1622 2598 1658 3428 4012
3130 605 3727 1913 2921 1847 1397 1066 1088 1830 2991 4590 2139 2731 4963 3295 3586 4817 2611 439
1648 2027 3739 2332 3586 1041 4751 3178 3982 1780 2298 4086 2393 1907 3670 1030 2860 2674 3991 1405
3946 2272 101 3172 7 2815 2775 2514 2074 2717 2826 1643 2999 2049 1328 381 2139 3938 1663 2313
2189 1326 2399 2499 2450 1531 1627 4994 3224 4458 1616 4618 4717 1677 2001 981 1397 1351 3494 3521
4259 2898 4694 2788 2564 780 530 4826 720 1046 3061 3906 895 1695 437 2180 2113 32 2294 1155
4269 1098 2139 1635 1109 4205 1535 3611 2157 2673 2294 665 4542 3557 1891 3763 2049 2613 1326 3852
3230 749 4876 814 2727 704 1187 349 3586 2505 270 4891 474 2083 862 166 1589 2775 3698 4504
4071 2668 3311 1064 4708 505 1328 526 3308 2516 2203 4149 3852 2504 2596 1855 1969 3412 635 4879
4500 1142 4596 4086 4694 740 1996 141 1089 1841 97 4656 4920 1346 1344 733 4214 862 1700 2518
3991 2922 141 3320 1088 2980 378 3556 3852 1622 4338 2472 2139 2139 4342 4342 1142 4928 4978 2323
3218 692 364 2691 4033 2097 4634 1703 1980 3852 3667 1088 2782 2696 4471 2414 4037 2827 1418 1166
1030 3241 3611 2379 2800 2061 4572 780 1195 2302 1234 169 201 3910 223 3586 437 416 4518 3549
4433 4086 4307 3563 4307 4263 4992 557 3573 3252 7 2191 668 2191 3670 2415 2191 0 335 2573
4168 4037 1088 895 4485 3556 2027 3099 2166 4514 2132 227 3899 2611 4086 2611 2077 2775 2408 4597
3946 3716 1071 2408 1364 1621 4984 3366 3401 4012 1446 453 4865 189 1862 408 4056 446 3958 1531
4206 3252 3749 704 558 1601 1842 4378 4031 1906 1059 796 693 2374 3202 708 1465 4086 4694 4855
508 433 335 3207 2399 3858 2450 3666 3939 4751 1426 2344 3045 2309 2481 2965 2191 1813 3635 3205
3218 3720 2528 3034 885 820 1520 2447 1134 820 4378 593 2961 2408 549 2089 3557 1789 4855 3448
1897 4031 892 4209 2529 2137 1818 1531 2415 2764 243 3045 4672 1689 869 1775 3228 4342 4909 4565
4817 1041 1041 693 1083 2378 1941 1357 486 1653 2827 776 1667 501 1655 868 4333 995 1454 3307
3378 530 4486 3340 432 4270 59 2191 4626 3054 4263 1935 3411 864 1882 1041 4415 4000 4702 4042
1040 1757 3760 130 1205 3236 2730 4912 1686 2922 2828 2614 2543 3332 4093 2993 3674 391 4873 1308
4259 831 3306 232 3178 2211 1840 56 3586 539 2700 4263 65 2166 1572 3496 4737 4604 4080 3752
2136 3586 1453 3045 3586 166 3045 1080 3623 2640 1298 4248 3496 1748 2727 2556 446 4461 226 87
3847 1125 508 2176 685 879 693 816 874 437 4311 3804 3408 1878 3970 3182 3611 839 2922 3010
4759 1126 1840 168 1891 4556 261 4976 4670 1128 14 535 3183 1088 1235 489 1363 4263 3840 452
4010 3262 3959 4252 201 546 1572 2482 4965 2989 4246 1622 687 4511 364 3811 2827 4184 4270 4668
3530 4307 2081 258 1373 4642 1814 4381 1180 99 1249 1787 1006 1243 813 4370 562 3142 1667 3207
2390 2334 3959 4250 2393 593 3742 772 1969 1757 3791 439 1098 26 2399 392 3053 4824 1088 3126
3130 4378 1128 2344 3774 4830 343 3053 4812 2776 3829 4065 4081 4472 1695 758 2399 391 1205 4680
1286 3951 151 4527 3145 1334 2865 1667 4827 2578 4044 174 3305 2221 4125 1637 831 2018 345 819
3266 4438 2124 2640 2068 2788 4379 4307 1881 4878 3670 3546 2917 2951 4127 2238 378 3053 1346 3811
4259 3239 3023 4446 2951 408 3324 969 237 793 733 4366 1841 2611 2166 123 1913 749 2922 3401
2504 490 667 821 2176 784 3758 2922 2828 2290 1587 3222 2869 2294 33 2191 3103 166 391 3670
