3908 3670 3756 1469 3869 780 3072 4289 2865 4819 3053 1346 1325 3302 2905 3813 3906 3582 1005 3683
562 3045 4704 2640 4315 13 751 2642 3218 4590 387 1870 1041 3053 4415 2922 4509 1155 2139 407
4080 2955 4987 3818 3608 4080 1818 4409 42 1622 704 77 747 1917 934 3494 3790 587 3053 3053
1537 443 2463 3813 2031 2806 2461 3586 2611 4167 3564 4817 1328 3233 1653 3494 4276 2922 4086 1088
598 4565 335 290 2294 3600 2215 3502 891 1643 1418 437 2178 2730 155 2639 478 2444 441 2884
4286 354 2712 2536 3170 1088 1913 3564 605 1993 1571 3772 1270 1223 4594 2611 4979 2133 2191 4709
2111 3597 3502 2250 1746 1830 3549 4537 1261 4231 3557 4565 3582 4446 584 3632 1286 709 136 489
2992 2110 2865 1253 3141 257 1568 4735 3525 3982 3686 831 542 3223 4263 3557 3444 3633 1667 4565
720 3813 2640 4003 1582 3334 2360 672 4263 4876 4543 2611 3934 437 4401 1184 551 3502 1079 1950
2111 3705 2774 4800 140 2499 2860 1076 99 2335 4502 879 1253 2993 2415 4649 1980 2476 2642 4649
3212 4776 3265 1885 3758 2414 275 4830 2257 3045 2191 2357 850 3861 3081 669 1913 1909 2992 1690
4737 789 3344 3241 3502 2738 2771 2528 4596 862 2481 3580 4554 2315 4276 2640 2031 2756 1397 3015
3958 1818 2817 466 3767 3767 2789 4827 3756 693 1321 4344 2139 2564 257 1967 4504 2179 2068 2113
4144 1582 4670 3457 350 1235 2074 3892 3431 2789 136 2063 2322 296 1128 3409 1308 2489 3494 598
3845 4688 2391 828 1980 3908 3632 2276 4315 3727 265 4065 3134 4527 570 1855 1793 3053 123 4957
2131 781 2089 1897 3001 1767 602 1346 704 4100 42 2221 4331 3557 4670 3989 1139 1326 4876 1141
3212 2408 4392 3045 2844 3563 868 4287 2521 4125 1643 241 3976 3964 1742 602 4125 4110 4739 65
4978 1857 4594 4080 4035 1121 3587 4462 1398 3396 3756 4071 1088 1979 959 1320 251 2895 2913 4089
3825 3094 1140 1837 3053 1088 4342 1088 3465 1284 4614 2393 2827 977 1067 2238 3053 1121 3861 1659
1235 1687 1837 2290 3478 3525 3273 1064 560 2922 4974 4800 370 4375 2611 863 2408 2556 3045 185
1579 1458 1203 2993 2368 2133 2249 761 2176 1757 941 2773 2922 1704 2164 1565 2922 2408 4149 3906
3820 2600 2030 2178 1308 3494 4523 4140 1413 3977 2408 4798 3446 2191 349 4838 1342 2271 119 3494
3368 4775 1484 4415 364 3623 1749 821 4289 508 677 708 2131 379 4891 3790 341 1531 3958 2393
4010 4934 3756 3756 469 2109 4308 437 4209 35 107 526 1098 3242 749 2164 4446 4466 547 1837
3908 3147 3080 2788 3241 4993 4716 397 3263 3408 452 3126 4694 1839 732 4490 490 2191 294 1088
811 3758 101 3570 1864 2900 1627 2668 2751 3494 3727 3651 4894 1653 862 28 3756 123 1572 4305
2312 2767 3228 4076 4879 2814 4490 2414 1649 3670 1406 3670 123 2903 77 602 1191 3727 1454 2132
4086 1625 2393 187 4697 2935 3031 2938 2150 1689 4006 91 798 704 1432 1153 1083 4332 1633 726
176 2113 2689 3778 3607 3019 1075 2613 1126 1667 4655 2164 2962 3547 4066 4267 112 1604 1352 1789
4259 3974 42 4393 15 1319 2504 4941 2308 4260 335 2264 1653 2450 4698 1075 3081 645 4406 4817
3872 4398 4668 3579 4851 570 1837 3790 1083 1568 817 2472 3751 2309 3751 2070 339 3579 4461 94
486 3714 1621 745 4933 3908 1834 2750 4919 831 4919 2543 2408 4149 895 3586 2542 4565 572 4044
1653 1491 661 2429 4880 2191 2213 452 2271 2668 602 3986 2191 2828 4512 2414 1426 4270 4247 3045
3230 2036 2640 1726 3273 2031 2723 1357 2139 1553 767 4670 2130 3557 1667 1956 941 1106 4829 4670
4122 4086 2849 962 2828 3285 3248 1861 1848 443 1007 1465 3053 4167 1205 1653 3831 1058 3682 1441
3019 811 2294 2131 1069 4307 4319 2211 3612 3398 1086 2854 4865 3228 366 2246 1689 2074 4350 4511
3212 1622 2528 3566 2131 2935 2087 2786 1124 4427 2111 212 1088 4313 203 2295 1667 443 2881 813
3332 104 2036 2074 3525 3586 2208 3842 3813 4490 1083 793 2898 356 257 1172 7 1428 534 4076
4206 1126 645 3852 4138 2131 691 346 3647 1918 2611 4089 914 3729 1561 1413 4344 1503 1041 4558
3242 2957 3183 4052 636 4526 3796 3712 1185 4431 1465 811 1667 4307 3833 4276 2229 3208 1788 437
1891 1947 227 2191 704 2036 1140 3948 2843 4725 4003 4470 2369 4344 4035 1418 4817 3682 708 1139
3908 4315 1052 273 2938 3530 2963 4978 1033 1851 3606 4205 2196 2424 864 1286 1782 2854 2298 645
1172 666 1991 2504 1818 376 1457 761 3014 3408 1000 1627 3978 3752 905 1945 1130 1731 4491 4817
3946 4478 2290 1182 1232 708 3826 2963 1342 2408 1284 2428 4877 1894 3521 443 2820 4449 895 1349
4667 1537 3556 2557 4263 3717 3727 404 2556 1627 3489 2380 570 4616 1627 950 2854 3227 2472 4385
4259 4680 295 1041 4209 2611 3045 1286 296 770 1142 1800 1774 3845 3045 4978 1610 4743 2481 4994
1653 1689 1451 2131 15 3583 227 2611 3774 439 1821 1840 1589 1704 1232 4855 1726 2668 4086 3158
811 3952 147 2191 4133 602 1758 2786 2053 732 1368 4129 3650 3103 527 1418 2408 4941 4074 4342
3779 704 4373 4445 1506 4263 4537 2760 2087 1172 2472 4399 1837 3252 4086 460 3586 4352 4086 3760
1492 3019 4465 3306 335 365 3791 2644 831 4180 1006 4374 2611 2545 1441 2530 4338 4681 3332 4952
3212 1328 4836 4086 3906 950 2078 3912 4978 4533 4342 1088 81 599 2824 4169 3478 572 4095 2414
3009 2246 2721 602 3833 3968 1328 2827 4086 3258 2918 4032 771 3053 4276 50 2061 3137 4668 783
3061 2898 2429 201 2159 3748 2827 4149 1112 1049 2381 4276 3340 3908 987 665 3414 740 1455 4463
3908 2640 2271 2221 2176 165 107 3045 285 3408 1983 3525 3383 3494 4702 165 2529 3694 4876 968
4259 1849 1923 1928 4664 3586 2922 2435 4631 2673 4289 3858 415 4218 704 1667 2090 2586 1046 4565
486 2504 3223 947 2611 1820 744 2399 1941 114 2890 2951 1155 2726 33 4184 468 3586 3045 947
2559 2067 2552 2393 1217 2634 520 1565 934 1487 62 1821 3353 2828 264 1316 4748 2446 990 793
4993 312 4263 4797 3856 365 2922 2505 4263 2128 3684 3813 4978 4978 2089 379 618 4967 959 3259
1235 713 1107 1328 3791 435 4798 2133 2788 1980 2428 3551 1141 2290 1784 2139 2031 704 1548 1985
1779 315 3330 660 2504 4398 2089 1235 748 1627 2935 3603 3806 4442 1005 3297 2470 2364 3538 2074
749 2528 3983 2615 3207 443 2364 1990 1653 737 2131 720 1088 155 4004 3448 437 3561 1328 42
4668 2141 139 4519 4291 2274 474 525 1669 4542 2190 4565 2119 3134 397 1667 4239 1034 2674 1142
4861 4682 3215 4017 1667 2499 2191 3811 3612 3845 463 1653 2450 4891 1312 4205 1537 3852 2611 4481
1632 3053 4338 1126 1868 1224 1730 384 3366 4263 1041 3366 4168 2074 4387 1083 3297 404 4256 2876
