1532 4258 1659 2280 1754 4364 2993 4480 1188 2802 1346 1622 2922 4596 2139 3958 978 4263 4993 4415
3908 4604 550 864 1403 552 2408 1089 1170 2913 3201 2611 341 1562 3600 941 1627 2450 3792 4933
3422 3031 1906 1059 2946 3133 2203 1622 4994 2542 2611 102 4012 2139 340 3989 2982 387 4939 3278
708 4209 1026 2827 1655 4589 4859 3873 4263 4307 2828 3946 2727 895 3081 3626 4894 4658 3796 889
3246 3494 4575 4415 2102 4855 2611 105 4855 4670 1862 2132 960 4446 1818 1731 59 4149 2450 3806
4565 960 2633 208 2084 1346 3273 1098 981 1140 2408 3218 298 1098 146 1645 3053 4575 4810 2450
3908 1155 1970 595 981 602 3695 4353 3758 3541 4037 0 3065 2812 3586 1889 871 2308 3556 2375
1069 3553 1098 2209 1321 3749 4623 4619 2786 1088 809 1653 704 4865 3225 1523 3273 4086 3061 2856
1040 3454 4957 131 3525 1142 437 4817 1889 2378 727 3058 2346 1667 3678 1508 2828 2642 1653 4032
602 4855 3997 508 4463 1416 896 273 3908 1878 2477 3683 3242 1825 2376 1335 3773 2727 2178 2294
3530 486 4307 4891 1418 2770 2828 2525 1194 2329 4757 3222 1447 2528 2444 3652 123 4056 3944 4564
2721 3908 3109 1373 1342 1837 1332 2344 4338 2643 2294 2294 2050 4796 3852 3832 3218 2027 2611 1686
1191 2528 770 1404 1622 1494 2321 4372 257 2827 3019 1232 3130 675 486 3958 3457 2876 1841 4718
3847 2749 1150 761 770 1088 3556 2482 1203 165 228 4005 1365 355 602 726 3556 3739 897 2786
3826 0 4224 2507 1712 830 1172 335 1276 315 4173 749 3215 2611 2860 2820 2778 3582 1030 1522
1993 2642 203 3892 3670 4619 4144 2890 105 2747 1608 3790 1046 2415 3547 127 3045 3884 4205 3549
3212 1592 486 642 3126 3045 714 4678 2512 3273 4994 4668 3404 2570 1342 895 3586 405 3045 42
3847 1232 2770 4911 384 4859 1128 1835 2220 2634 280 3906 4950 24 260 112 4438 2298 1335 3045
3933 2191 889 3669 4670 3295 2320 2499 4011 4512 1821 294 3500 4855 2609 3749 2528 407 4987 4411
2494 4993 2826 1627 1695 2642 2221 4218 1364 4169 3053 4089 862 2482 99 3390 3414 1762 486 885
3378 3820 3952 1264 1692 687 602 34 4616 3678 704 2989 2609 2564 2408 605 4542 535 535 1667
4177 3508 1196 2393 693 3483 2611 1089 1164 1141 1969 3105 1007 2611 4544 1086 3001 1788 1067 3140
1172 65 3861 3081 2004 890 3958 88 1289 3939 2049 4522 2993 862 2323 437 1405 436 1128 3791
1231 535 3215 251 1791 3557 1076 2408 341 2040 1346 3946 4851 669 1286 193 4357 2761 3481 605
2935 2268 2213 4512 437 2520 3727 2854 4089 4974 3670 441 3948 3053 2042 2090 3831 2067 1627 3799
23 3855 117 4711 3081 4109 3038 3165 2611 466 4144 682 3045 215 3677 1969 157 4575 707 3557
3404 3965 3236 284 41 837 546 1655 4364 4855 3467 4123 4630 1136 2838 4054 761 3845 33 376
3847 15 1734 349 4879 3758 2600 463 3670 2530 3273 2128 2611 1726 1913 3252 4372 1947 2611 2611
4005 503 2294 4290 2178 2271 4094 3790 1667 1944 2399 4437 4259 2439 4919 4680 3108 4357 3272 1947
3212 4495 242 4469 4668 2414 3551 2408 1622 4537 4543 3240 4523 862 2611 2363 3830 4949 122 3586
4286 4463 2139 766 1205 2528 4425 2549 980 4872 1881 2450 2399 3465 1598 4817 1088 4291 1692 1389
4967 3222 3557 4144 1046 602 1030 2271 2446 965 75 1868 543 3259 2642 4267 4993 708 3175 864
2478 3748 169 3492 879 1310 989 963 4957 3448 1335 2137 4880 117 863 3610 3496 811 4588 4899
1098 3860 704 1363 1155 1850 812 4313 2385 2611 2293 3434 3670 1643 2027 2727 4098 4941 286 2139
891 1588 2856 771 3045 820 4252 2504 3242 2142 4626 3053 4667 1088 2176 959 2276 4957 1286 3939
3908 1709 2217 3045 1653 704 1324 0 1532 3125 2776 2351 3301 4880 4352 3542 2727 4319 2191 2050
4347 2613 4035 811 4289 4214 3401 3758 3053 1592 3547 1667 3749 704 2294 31 2131 4803 3682 2191
4259 831 1083 2528 1407 4498 4855 1791 2027 3053 2006 879 1571 4379 645 364 1041 2191 2087 3763
1083 1458 2315 4387 296 1354 4504 3734 4623 2318 3220 2176 3390 2191 3081 4937 1880 4076 4859 2758
3908 2399 2642 3011 2101 3048 1265 41 75 1556 3669 4282 1074 3672 1572 3053 3348 1298 740 708
4295 4342 2782 437 1364 4504 2919 1140 2061 4668 3586 3946 2854 4580 3982 4829 4876 704 3306 4606
4071 4764 885 4855 2696 2640 3008 3076 2385 737 611 3549 3892 4565 1088 862 3765 930 1571 291
3218 3053 618 4894 42 4259 742 2408 2176 4642 1448 2176 2304 3465 1689 860 3756 1264 1667 1679
4546 223 4191 203 665 4736 1099 3081 212 1609 145 4574 3395 4796 376 397 1767 112 4718 437
2756 3130 3557 1346 3368 1734 1328 3852 2964 1205 3494 1590 732 2777 1191 2044 885 1342 3084 2761
3404 4471 2236 3996 3279 3670 4033 4756 4914 2415 2027 2213 732 781 2828 3409 3989 2856 1250 3495
3908 2238 535 15 3190 2786 4957 2954 2308 1184 4049 4897 2860 862 1349 3243 2773 4670 4313 1709
3246 4342 4973 437 1142 2268 6 3346 552 1156 2950 1726 2414 4270 4012 1627 3965 3727 2290 4417
486 3241 4851 2102 387 4385 1187 2922 2509 3678 2408 3169 3912 726 3218 3392 1136 4672 1267 42
811 1780 1041 869 2280 2727 3674 1346 3790 4446 4342 4352 4817 1158 1041 3053 2528 3834 933 4387
1172 4250 2922 105 2505 4342 4426 4872 4076 1784 4855 618 3894 753 1592 1571 3212 3282 2992 1357
1433 2890 3378 4267 4469 822 3760 3096 2288 466 1837 1498 2860 1632 1249 704 4415 1308 4342 28
770 3827 3877 4125 1155 1837 2061 3366 443 4948 350 4446 75 2197 3023 177 2666 1855 1667 4565
3130 3908 3181 3727 3552 2027 1334 4315 437 4891 2505 2294 3341 1731 3906 1837 2525 2854 2074 1627
496 1851 392 1835 3332 2191 1139 3408 4817 1621 652 2773 3273 3607 3277 30 3019 1780 1508 1182
1891 4583 1601 1182 2084 833 2761 1330 350 1643 2137 3678 4879 4383 77 3760 2874 486 3666 4672
3366 1601 3370 2399 3806 981 1667 4460 2900 3644 3006 4802 3843 3583 4077 13 1484 4263 3337 2007
4993 1537 3846 4289 1126 4372 4086 3129 1097 2155 1243 3053 2528 3140 4855 4872 1767 4987 572 1622
1317 1767 3045 4495 3559 962 535 3259 3053 2399 1088 3378 2735 1827 2201 2049 2131 550 4064 2375
3847 4827 661 1687 2393 3804 2774 1086 3446 3958 3268 1441 656 2898 1590 4199 158 3751 2050 1308
599 2429 1027 1537 3652 3457 599 4565 2393 4670 1931 2017 1428 2854 2399 2049 1155 4515 2789 4876
3908 3019 2611 1861 4752 3635 3509 2194 374 3017 3727 2547 77 2070 3053 4012 3790 3962 2111 1325
562 704 789 3960 1653 3611 862 1537 474 4138 1670 4601 2476 1121 2131 174 1788 1439 790 4086
1643 435 2376 2528 2721 3051 4366 1041 3073 1328 3817 3894 3787 1492 860 3469 2249 2439 3669 1996
