2415 3338 1933 1568 4518 1653 2345 4941 3076 1747 534 1142 828 3891 3580 3045 1689 3139 4069 3053
3340 4042 895 676 526 527 2298 4662 2030 1132 3855 3465 1418 3852 2086 2992 4885 4655 3341 886
4305 368 2965 102 3751 1689 3774 41 4379 4986 2393 443 704 91 4237 123 940 4276 165 4995
486 4394 4978 1537 2824 3252 1421 2376 155 1041 1653 1458 2305 1443 2823 2854 3189 831 4865 1395
1457 2507 1028 2495 3261 1653 28 1627 1973 542 405 2818 1041 4378 860 282 3212 1397 2318 252
1757 844 1726 2092 2030 1878 4312 2178 2521 165 744 2727 3647 2385 2993 1880 2824 3285 4089 473
2195 2402 2472 2298 4005 3530 1136 818 2388 1767 1719 349 2867 3161 4231 3760 275 4565 3894 2393
1067 3603 3790 4994 3853 477 4149 981 2611 2391 1439 404 4285 3408 520 42 2111 4011 4086 3852
4080 4510 2376 665 3053 4604 262 3297 2302 705 441 4855 3252 2844 1574 3414 2730 4737 2217 4504
3901 387 415 2453 1328 1455 1967 934 2360 2642 4259 1321 2155 860 0 4911 2137 2761 704 4348
4086 3790 3134 1837 977 1180 4478 1164 3183 1005 30 3457 1312 889 3045 3727 2922 42 4263 4881
3162 2857 2450 2992 3262 87 1550 2049 4966 164 4914 3635 151 3004 4398 4286 2092 3549 1110 4734
4206 3855 2827 2727 770 2525 1881 4100 2031 3053 841 1136 3667 3207 1342 895 2131 219 1199 2320
218 2828 1643 3607 751 3297 1379 986 2786 1531 1582 1088 2111 4276 104 182 732 3786 474 3451
1496 865 2376 4851 2627 2191 618 2993 1483 2788 2611 391 3053 2727 486 3820 2621 586 2111 4071
4993 1194 1279 66 2699 3899 3494 3477 2280 364 1136 123 4338 761 2178 1692 310 4243 1487 1052
602 2090 1039 2397 2393 1067 2238 4736 2374 4784 2408 2215 341 4261 2308 165 602 130 4827 3295
496 3032 4313 3465 2545 1537 4670 4512 214 2052 4149 3167 15 1494 404 2581 48 2922 4891 1199
782 324 1537 4355 1109 737 2408 2391 1689 811 4243 1632 1128 4891 3906 704 959 1989 1000 4260
3363 3557 2259 3401 2922 885 1653 998 2466 4141 3236 2090 2378 4957 2890 2860 490 273 1349 262
4495 2074 1156 3996 1129 3710 4316 3457 474 4586 2111 26 2779 713 4214 486 1338 820 3241 4375
4144 1929 4914 1643 3674 1112 821 965 2030 2611 3453 1841 4076 3647 3372 4170 2155 2611 3146 4919
4263 2308 2298 3908 1054 4007 3236 2246 4796 2178 740 3181 1622 2032 3368 2246 831 3806 4424 3306
4263 2027 3482 478 2827 2090 4263 2325 1088 2358 732 1980 844 2410 821 2066 4398 2764 1632 1920
2257 123 2133 1749 3208 1328 874 1465 2696 1643 4586 3685 781 2242 618 2610 3864 257 4729 384
4206 4517 2376 1055 4123 3053 1627 3494 2408 4598 4328 4291 611 2581 1194 4080 2516 501 2378 3502
3368 4379 4978 3758 1432 922 3878 3093 693 4536 4989 3017 2929 4364 2652 4569 1608 2176 1128 3678
3946 1561 1187 2838 2827 4080 2753 165 2113 4989 3068 181 2474 3470 2500 4987 3014 4565 3582 2220
1416 1126 1562 2554 4086 4830 4772 2049 1417 42 831 808 3678 1608 154 595 4313 4471 3642 2376
2822 1679 2450 3252 48 4333 2111 120 1653 28 3790 4941 1321 1346 4757 3607 720 1234 1908 2993
1346 2640 1726 4817 3796 4444 1643 1205 1556 28 4478 1689 3778 1622 1627 3927 1522 1088 4873 4957
3368 3059 2247 885 2418 1003 80 766 323 2854 4342 15 3053 1659 2849 2086 4080 3796 4978 2139
270 4773 4610 869 2255 3139 811 1667 4213 4311 3409 2030 4031 1906 2838 2682 824 4287 1531 1089
4500 4338 2611 2946 3763 4255 2415 1556 4214 3678 4338 3670 4562 825 4270 726 3756 2775 1217 2495
3530 4506 3600 4631 2657 1478 2881 2309 4580 102 42 2320 2191 2849 486 2408 4504 2111 1951 126
2036 4446 2993 1418 2220 4966 4575 4378 1441 1689 4957 2843 4670 4401 1139 4623 4263 2215 3959 1039
2696 4899 3045 3045 3670 3045 4446 885 1726 223 2788 4378 811 3534 869 2527 3673 1390 215 3505
3212 4699 2874 2793 74 981 602 1709 3147 3813 4205 4495 3437 2391 2611 1818 3436 3582 2505 2074
2478 0 2111 437 732 684 4565 4659 1861 2203 2611 2611 3186 3586 842 1234 1667 1214 2030 3414
1397 1124 1182 4941 3223 3404 3849 844 2393 3804 2963 1039 1046 1837 497 868 595 2827 4523 1418
1354 1335 379 4862 1041 1573 4263 1088 4154 3654 4748 4522 2613 439 3053 2177 4239 2879 2935 1519
4964 1950 806 2191 2922 4375 486 1495 7 2077 868 2139 3060 3045 241 2344 2701 637 2874 4287
471 2446 42 2611 1753 2031 4014 4352 1709 4668 3790 3020 2317 1760 3868 1088 2444 3146 486 2778
4259 4781 1973 2357 811 4205 1067 2238 2415 3674 112 3053 3226 2408 2257 4512 1476 732 3408 3586
2478 667 3553 3711 3009 2392 4042 4252 1582 1941 1335 3525 3141 2135 1007 605 2361 324 4249 1150
437 1506 0 3610 4891 595 2424 2278 387 549 1096 1098 1565 3494 3535 4850 4957 437 995 4318
2779 4817 1041 1041 4209 188 4961 1572 3081 1072 4042 1311 4768 2288 2271 3550 623 671 1655 698
1870 1041 4855 4830 2374 4891 3139 3739 1881 3678 3549 272 4926 1311 4829 2611 3602 848 2611 1537
3411 2408 1960 2090 1453 1864 2471 2802 2290 145 497 232 1336 800 2191 1027 3408 4237 3045 1667
4206 879 961 3408 2281 2613 4614 1428 2855 4037 4071 166 3178 3384 1656 1548 1249 2863 4315 2504
262 1470 2393 2415 667 4659 2919 1365 4899 2446 3727 2586 3410 65 3482 3045 1622 4333 2408 2391
2102 3301 339 4855 3895 2856 770 3081 2314 570 1324 4287 364 4200 1637 1994 415 4252 2992 4287
782 614 4205 1455 4037 437 2610 4894 3441 3297 2323 2849 977 2963 2408 365 828 1726 2221 3139
1537 4622 2445 4355 3752 2446 4011 2836 227 3586 3677 4369 4529 3146 1067 4032 2337 2462 3125 1041
3908 3241 15 1349 2415 4408 2450 3478 2415 1088 3990 515 4707 2640 813 3109 2471 1689 2854 2611
4269 2678 4565 489 4598 854 4315 2872 1413 810 4185 1064 803 2935 636 3986 441 693 3053 527
2459 2476 2483 1203 2090 4067 3053 3053 1205 1413 1033 4542 2429 3152 772 3242 3317 4010 1625 3146
2393 435 2031 4365 2220 3912 4987 817 1530 1203 2030 3908 215 1439 3071 3242 3976 1869 2102 1426
2481 1398 1638 3557 2415 1942 4125 4743 2414 3683 778 2082 22 42 816 4037 3045 50 3683 309
3212 704 4086 2435 4994 1328 4092 2286 2030 295 4861 1465 2472 1848 885 2921 3022 4471 4270 2802
1066 2640 864 895 821 4285 3053 2238 272 2504 1632 3053 2087 2818 463 1667 2100 291 3582 2191
4495 211 2408 4095 15 1918 2133 203 4333 2006 336 1659 4086 1717 2639 2818 4668 2942 1147 3865
3957 3471 4289 3710 443 557 116 3586 4546 2318 2914 4501 3906 2027 4342 4973 4122 3670 142 602
3246 2945 2611 989 2408 7 3022 3760 1311 4576 3370 704 3014 3583 3991 2611 2191 1203 1653 4855
