4855 530 3751 1681 817 2190 1426 3772 3537 2639 2446 241 3053 2191 474 4572 708 3980 366 3958
2131 1413 4001 3946 4590 3760 1055 983 1397 3989 4894 2563 3372 981 3851 2044 963 1321 2004 1627
602 181 123 4457 831 2922 2828 924 1455 296 3081 4289 3521 2805 4017 4532 400 1780 4086 4480
3908 4044 3211 2376 1041 1627 3611 2611 1913 2298 2616 4086 2506 2257 2393 2191 200 1178 1368 228
1709 2155 1300 2890 1627 4142 2611 717 2922 2042 340 182 2131 766 3339 740 2927 4012 1646 1190
3262 4796 1334 2905 4670 2294 2408 4282 4668 535 2998 3045 15 2294 395 3944 112 4282 4364 380
3404 4672 120 3958 2073 2131 486 3908 4333 2074 704 4565 2139 2191 2444 441 3053 432 3374 4415
1203 540 1097 984 541 2499 2271 2271 1368 3906 41 1861 1973 2698 3045 1653 2238 1908 1861 1012
1504 4710 4108 817 3899 1947 864 2564 251 144 3682 2220 113 1537 4052 953 407 895 4850 732
3099 3411 562 463 3371 3444 831 2296 497 2191 2132 1667 4565 1088 798 1446 4290 2393 3366 105
3908 2942 1975 4891 474 4523 602 3989 3586 1044 1956 737 810 3608 2589 2376 349 4076 4415 726
4206 4076 174 4781 3045 2450 1166 2294 2294 956 2642 1840 1476 3045 4957 1667 3053 2874 1692 2963
435 2820 218 125 3053 1692 3053 0 3958 3939 2393 443 4588 1334 3958 478 508 1881 2155 535
1492 3099 3790 2118 1153 4987 4086 720 3939 4817 3273 3408 3059 3938 2450 1321 2528 4080 3714 245
602 1653 2642 2268 2036 562 3080 1550 2090 3006 3448 2897 2309 2369 1789 4119 732 1855 33 1041
1560 1880 2992 863 4784 602 3890 1572 2191 989 3339 2203 1667 4565 1556 4205 2446 3408 2014 1913
3774 1689 2611 3994 2527 749 4957 864 149 3378 1622 258 1235 3525 1047 3758 2171 4664 2139 2579
1140 4877 2874 2828 526 4289 2566 2561 4670 1864 1080 4698 3317 2528 3820 3045 1005 2030 4394 534
116 4524 1308 1653 3611 1364 2922 2639 4177 704 4587 3045 3408 4311 2993 2779 2413 2632 3653 2131
3130 2600 2640 3241 2052 779 1069 1080 2408 4243 3651 1235 1249 1862 336 3273 4994 340 4523 335
602 3045 2922 1689 1834 4209 3350 3602 2455 862 3751 3772 3311 3917 3194 4263 1941 2674 4385 2294
4263 3411 4312 4876 749 3600 3958 562 1335 2416 364 4224 4876 1556 3241 4471 4140 828 4166 4033
187 1142 1913 2905 2149 3186 1140 3583 3760 3760 1320 4924 4471 4280 1520 149 3553 438 562 1784
4206 2735 535 2788 2110 2879 749 1734 2408 2363 2305 4111 2779 4879 540 91 4565 2393 734 46
4753 301 3852 2246 667 2191 2414 2828 3706 807 3707 2357 2135 1445 3242 1643 1052 1191 1683 746
2481 1653 1599 2391 2674 4798 3105 2305 2851 1006 2511 4017 1667 1397 2109 1969 28 4756 1627 3621
245 4076 2993 4487 4279 2178 397 3752 2640 432 841 1083 2031 1686 2139 2415 4616 2031 4565 15
2914 2611 1784 3096 2756 2527 3804 576 611 1561 3189 1375 3153 4461 2294 2320 2320 3758 2257 1733
3908 3045 2632 4850 1109 474 4678 4963 4342 4891 4924 2294 3818 4710 4861 3353 2504 789 3603 227
2579 4665 4879 1002 2611 962 895 4597 397 4861 4044 618 2209 4876 1741 3461 4551 2049 4851 165
1501 868 3813 4259 704 595 402 4202 1973 41 1421 1294 1243 831 1692 1035 2653 1088 1011 1851
4058 4297 4352 2044 4836 2993 3457 1848 4872 15 4342 1487 2844 780 3053 293 3892 105 4476 2294
2935 123 3134 3452 1791 2027 3409 2097 4086 2628 687 3053 1679 4672 4086 2564 2408 4672 4338 1550
2818 888 3045 2499 3580 4469 1721 2139 2298 3878 4321 4502 2392 1522 4089 3332 2191 2513 195 2025
1311 3457 1603 2753 1365 2250 550 4791 4664 2608 4751 4969 708 3053 1199 1046 605 424 2084 4680
3162 4672 2854 2318 4017 3289 363 896 2313 3302 2546 732 4307 3647 474 1784 3408 2735 1851 1531
3340 4565 90 3623 486 22 2319 275 3045 4986 4714 3765 4855 405 660 4481 3340 366 2137 4743
633 1404 2049 2131 555 3994 3287 3678 4086 2652 2257 669 2393 2415 4263 4824 3508 3019 4446 2849
3908 3586 1572 1837 2528 3224 1338 2119 2338 46 2191 0 437 4702 2109 2061 1726 2910 3081 1980
3162 3667 2828 1568 328 105 3232 4263 2030 3586 437 4088 2059 3241 3265 1632 4319 3154 1726 3408
4206 4504 2074 2460 285 2082 3045 2642 2615 3557 2562 520 4458 2343 1726 4378 3578 1565 1328 3570
3363 324 3958 4086 349 2856 981 2191 2922 2435 2860 3556 1700 854 4561 2332 2922 4476 3222 28
2579 3638 1418 884 3222 2552 941 4482 2133 48 42 2707 2027 4791 4522 4403 2824 4985 2566 2316
562 2965 2818 3962 4623 1045 4263 2500 1089 1523 3851 99 3938 3317 141 744 1441 962 2828 918
3946 4012 3053 3053 4817 2307 3372 2481 2090 3943 3222 1275 1695 1667 748 4879 4817 2769 2246 956
941 2908 239 1679 934 2139 3906 1818 2111 341 1731 1918 2376 3053 2031 1346 4879 4105 3589 341
3006 4086 1686 2219 3057 486 3541 3328 2320 2344 2139 4817 3273 1203 1648 2528 387 520 3944 4597
708 2133 957 4089 3534 4466 2408 3858 2393 4668 13 4890 3597 4906 3279 1913 2799 1375 1142 3901
437 3840 4205 1897 2890 2707 2007 1667 4062 4289 1426 1979 1514 732 809 4603 4880 3081 2731 540
3346 2668 602 4286 12 2639 665 4664 2949 15 558 4928 3209 3351 1695 3134 4827 2178 3611 2500
3224 1320 1917 2748 953 3939 4214 376 618 2764 2727 3311 4935 704 175 2611 2778 938 438 2430
4342 175 612 2890 800 4409 740 3557 3986 4307 437 1446 166 3877 2191 3670 3932 3465 2698 214
3813 4074 4565 1767 1469 1011 4276 667 4352 2572 1413 4228 248 1186 1856 4470 3908 195 2600 3820
2478 15 4465 3790 1142 1840 4140 2450 1837 2061 1604 874 4773 4978 4342 296 4093 4342 501 3414
4062 1511 3836 1328 1891 112 3252 3908 4870 3586 1556 4398 3185 1921 3804 4446 1627 1352 2408 1328
3218 3390 4758 2377 1827 4941 2827 2776 4367 2191 293 476 4762 4078 4504 4880 2637 1126 4415 2922
204 2989 3570 15 4415 4076 2139 3019 4978 2408 13 2238 4565 811 2414 751 4859 3818 622 2695
1757 4254 4986 3611 237 1652 1627 968 4536 1419 602 1571 3751 4987 1582 2914 868 2504 2298 4515
3509 3030 1910 2717 4446 2246 436 4495 4576 2074 1367 1864 3442 3904 1104 704 1934 233 1335 4194
3262 3453 2468 0 4604 102 2264 4704 2499 3045 2050 223 3752 4668 42 1199 3404 1357 4978 918
340 3987 4957 520 843 2854 3607 2774 4054 4067 3241 2774 2827 1235 3394 3053 2294 166 4670 595
1828 1083 4068 1983 2462 381 2450 41 4855 1088 3895 2542 4355 3727 2139 2921 3392 3053 4604 1318
4781 478 4779 3944 3557 2394 4098 2074 1127 3908 3557 187 1099 1397 441 1328 704 2611 452 4748
602 1346 708 3053 4039 2921 3053 3453 2820 1321 300 4010 123 3586 3218 4936 4894 1973 327 2082
