1277 831 3215 1308 1439 2149 770 4526 2662 2922 230 3925 600 1236 4044 20 3066 4497 4644 2608
2509 2828 2111 704 3551 4672 390 4044 1365 123 4523 3939 587 2854 1113 379 1405 3256 4149 1653
2150 1023 4678 602 2027 355 4978 3758 4122 4926 1734 4305 2320 1084 1841 3773 1150 3582 4495 3670
3241 3652 4737 422 452 1627 2528 1726 3332 2191 981 1969 2886 1692 4335 2220 759 4144 3181 862
2914 3761 4691 4689 4342 4352 4789 3958 2824 3295 2609 2298 1885 1837 4338 691 3653 1703 3670 4004
602 381 720 4523 602 4376 3790 1268 1277 2292 1883 3769 1454 3994 3045 3024 1685 868 2408 3146
3363 1976 4289 1463 1172 4543 3053 2611 3934 2221 525 2414 889 2315 1418 1286 2611 4094 3897 2611
1172 4086 3651 2877 1837 3790 3710 4012 2922 2828 1325 125 643 704 558 3520 2176 959 3961 2838
3212 2828 101 3146 2191 3906 3215 2517 4154 1962 3234 963 3806 3675 4062 645 4086 2922 704 2191
2280 486 3530 4597 3813 4263 2065 2407 3480 2673 4477 602 3502 978 3105 1322 3714 4978 174 1033
1700 4558 3760 4795 582 619 2290 4214 1130 549 105 821 1465 1970 2446 1740 1193 3494 90 349
3908 2828 2029 3674 1751 1099 2600 871 1689 535 675 3285 4304 2854 988 593 273 2191 3081 2674
2459 3189 3858 1556 1192 3820 4626 4031 4718 602 2499 811 4662 2721 4865 3873 2505 1199 1627 364
3908 1635 328 2191 1470 3061 2293 2949 4313 2214 1136 2828 2863 376 1458 4880 1484 1045 2031 704
3212 490 667 2572 2191 2435 1136 1465 1155 2517 2030 335 593 592 2298 3390 1458 1193 2556 4452
897 3751 3098 3670 1217 3796 3773 2508 3093 3053 4817 1191 1973 1632 2272 2410 2131 1685 1243 704
4487 335 2450 618 3858 4076 2993 895 1275 197 3570 2399 3539 3602 924 3608 3858 602 895 3611
1075 4670 3743 3611 1011 2314 3811 4817 1667 1528 2137 3139 4331 1265 3586 4352 3678 3053 4615 474
2036 3586 3756 3939 1328 2215 2611 2102 1788 2191 2949 732 489 3408 817 3556 799 3326 543 645
123 4791 2378 1203 4978 3557 4714 3990 1286 4209 4587 776 489 1582 3053 2827 3647 1012 1335 877
2962 4495 4185 1582 4827 4551 2083 751 1205 1542 2191 41 3031 829 2393 1492 3019 2408 3564 4565
622 490 170 3038 104 4401 1155 3869 708 1011 4353 4279 4480 1136 1989 3965 4449 2935 462 776
3760 4123 3502 2118 3804 2790 4696 2642 4649 3556 3580 3892 3908 2139 3938 3582 749 742 2938 2993
770 466 2191 4914 3546 2528 1598 1205 39 871 799 4655 4352 4827 2661 3693 3224 811 1719 530
895 3638 1731 821 2786 1643 4185 776 1155 3389 2629 4994 198 708 3813 2265 683 687 474 3053
4759 4865 4498 2249 2391 2798 3483 1818 1622 4714 0 2109 2856 3608 941 971 2294 4941 2779 3906
2415 2498 437 4565 2446 271 3670 2393 1441 2233 770 3525 3081 2727 3402 1211 4352 1605 3878 4817
4433 545 1848 1033 2139 1254 2238 3553 1667 4827 3494 2408 3273 558 13 2301 1991 1277 1147 2191
602 4077 15 4829 2611 4449 1088 4279 978 3153 1421 360 4307 1311 4430 847 2191 2280 1093 1507
4758 4587 2556 2824 3535 2298 478 2774 3390 1492 1206 3053 3608 2104 234 3146 105 2504 2678 505
3530 693 286 1702 1622 2078 879 2805 1110 821 4333 4333 4052 535 3557 4285 4978 978 2408 3796
4779 2922 4850 4891 1267 2131 3563 42 4089 4442 1726 1088 3779 4115 2393 602 909 2191 3545 3996
2501 4072 2611 2337 4906 3022 3760 3651 4214 2030 271 4228 3635 2824 3109 2611 248 1841 3584 3408
1704 2922 2640 1342 2410 4005 0 4342 2642 2976 526 947 366 4487 3218 452 357 4065 3852 1308
645 4263 2719 443 1781 3053 3053 1354 3014 2315 463 3582 3944 732 1987 323 3582 386 2217 3494
3946 2334 3223 1921 4206 4576 4281 2205 3678 2217 1089 2529 2699 2788 3262 2611 4086 1243 3218 2192
1858 2735 3892 2191 4510 1992 2704 2378 2244 2408 2391 4256 4756 2042 1582 2271 391 3948 2489 4445
4817 938 3330 2176 2298 4737 2036 2998 3134 3946 2191 2643 1789 1726 1667 3557 224 3989 4255 4827
262 4629 1142 1075 3081 1891 685 3939 3627 2611 437 1044 3053 4372 2450 436 165 4372 4531 4086
2579 1643 4586 335 3906 1171 4694 4352 1333 2050 2191 1704 397 335 2745 2194 4939 3652 2323 315
3530 4263 1573 989 4563 645 2220 821 1155 2074 829 885 1405 1088 896 3045 48 665 4668 1689
3218 4529 1627 4776 4827 981 2191 4504 2611 4387 4501 3884 3408 732 2191 28 4621 112 3967 1287
1234 4436 443 2305 4668 850 102 3401 2674 2408 1643 1318 1785 1789 2308 2087 4352 693 3444 3053
4206 3789 4851 693 3053 3053 3348 2922 3756 2191 726 1328 309 1689 4523 2807 4537 2499 4752 987
3212 2408 2504 1194 4662 2963 1069 3218 4052 4737 2133 2415 4465 3546 1402 3908 2408 2391 1058 1072
3404 4672 2176 4891 4115 3045 13 4076 4338 2177 2191 1674 4891 3996 2446 2074 1627 929 4817 4089
1740 3222 4149 4616 3465 4698 3908 1126 2139 3892 418 3366 1140 87 2914 4272 2408 3770 4607 1132
3513 3045 2786 41 4123 1749 947 123 4267 4836 2030 4974 3106 309 602 4919 4512 3181 4415 3273
602 1709 3053 1848 4523 4086 3082 1098 1201 4342 3670 2761 2788 1508 4263 4876 2344 4827 4515 2553
3241 2828 2554 4802 1139 1774 3851 1426 1172 2411 3105 4757 2238 1098 2399 432 1991 4430 1885 132
3404 3751 1781 1145 732 2376 605 4565 3105 4209 1465 1587 3635 2357 1681 1150 831 704 2260 4736
3432 1848 4891 3451 165 2600 3520 2420 3549 1265 783 1681 816 3790 2334 2221 4441 3790 1643 3126
3341 2917 2572 3408 1708 3054 293 3566 2191 2027 2292 1067 2922 4789 3603 4913 2726 3942 4095 2295
3908 171 4678 42 1661 3813 141 1203 3218 3045 3851 4065 2972 3908 4891 474 223 4876 2905 3525
3357 2727 2802 2611 3053 3564 2504 941 1382 4056 1294 3408 1011 4711 3499 811 2374 1088 1969 4897
4080 717 2221 4670 3969 1116 1726 1088 2191 4416 1088 2446 3587 3228 1328 862 544 83 906 4796
3908 418 3141 3241 2640 1142 933 747 3711 3927 2036 1775 1658 4205 2149 2828 4576 880 779 704
3363 2890 1083 3549 2191 1232 120 2415 1084 1022 1476 3556 4537 1083 3372 1346 2922 4891 2074 4276
3908 1242 4448 4817 3053 3053 1041 831 1970 4487 960 1653 4626 3053 2031 535 2087 4702 2191 486
2415 1234 562 102 485 572 1867 2378 378 2528 1194 3053 3811 1653 3022 3847 4443 1107 2854 2485
4510 2334 3409 3627 1717 3302 4460 3332 1268 4209 2611 1818 1980 3506 1956 4289 3053 2198 4672 3996
1643 4379 1041 3053 4027 4011 3053 3053 4315 2090 3942 187 3906 588 1913 2294 2964 1957 4360 3525
4259 3796 526 3751 4631 3917 2092 4270 4290 2780 4672 4855 2611 3827 1441 2528 486 1891 2611 3579
3609 3755 3045 15 2294 2115 2203 1235 3727 1532 1041 4424 1996 771 3338 1178 4565 1749 2505 2221
