3220 1196 2089 3075 1932 1980 105 3172 2678 437 2164 2315 4798 1229 2611 439 2191 4372 3357 24
4588 3607 704 4865 2159 436 2139 4817 4515 704 602 2090 2890 2640 3077 809 4987 3825 1155 3790
1874 1914 837 2444 1041 3053 938 1083 1243 4263 4469 1142 4372 44 667 2049 2414 766 223 149
708 698 2408 1522 3332 4476 2379 1519 3670 3148 181 1052 3561 2097 1820 1571 2512 1967 2139 3760
4412 4342 1775 4759 437 829 2927 4562 672 1855 3446 3934 2393 4446 1107 2402 4546 2271 1531 4537
490 667 4080 4725 4313 4209 1565 1223 2922 3670 2191 1794 3670 2176 2139 515 4987 1141 232 3595
4239 602 1346 704 4406 1734 2505 1176 3565 744 2191 2611 4830 571 2723 4725 871 3771 2079 3861
3609 4375 1041 2856 1709 2191 1504 1791 2753 1531 799 774 1788 4270 3316 2455 2205 1692 4276 4086
4206 3004 831 2320 3906 669 2704 4504 1132 3899 2378 3551 4415 4086 2712 693 3053 3053 1126 117
4004 595 1465 2030 821 739 1961 4827 3344 3143 1766 4376 174 1791 4267 3790 1155 4839 475 562
3530 253 3908 4127 3765 1248 4149 273 3892 2886 4005 2528 2499 3099 1674 4817 2935 2675 2264 2349
123 4878 535 631 1012 437 1214 2446 341 572 3906 232 4850 1234 108 112 606 2087 1962 879
1709 3330 1375 3330 2922 2828 2818 3586 4602 3483 1088 3892 4565 1582 4230 1205 595 4623 4239 4963
3674 817 3242 3617 4725 1335 2611 3225 4263 3366 3852 2827 4512 3189 466 2074 2015 1041 879 3651
2640 3678 4002 2993 1635 2293 2838 2682 441 3996 3081 3218 3402 862 4358 4432 4841 2691 960 3670
2478 1537 3437 4672 463 3908 1326 2294 4284 2641 447 223 1089 2074 1367 3919 2191 1346 2922 2824
3363 1653 4230 1648 105 414 2775 1880 1107 990 2496 1112 341 4110 2298 3502 821 443 1155 2111
2111 4746 379 4879 2476 2827 4819 3727 1991 4490 4913 15 1353 2061 54 2704 1833 656 704 4830
959 2180 2998 955 2505 639 3977 3215 704 3690 2854 107 255 2788 437 1967 1041 879 4876 4563
474 1235 7 1098 4061 917 3465 1164 486 419 4071 1920 4417 1848 1424 15 2854 3790 4417 1045
3791 4575 490 2579 4141 3053 3053 1126 1665 4134 4214 4490 4747 1041 4452 3853 4437 559 843 704
3826 4086 15 1142 2642 984 535 4387 1627 1131 1530 1731 3146 1197 4851 2922 436 1889 4872 3945
3378 501 599 4014 2854 1194 1862 3790 2693 1850 3167 1007 1528 874 1562 42 4123 895 4966 4007
4781 1531 582 1494 952 3236 3224 2394 1571 1429 2638 889 2195 4462 4933 1011 1912 1098 2727 3525
2557 704 1090 296 3057 131 2828 4838 1622 2429 2887 3434 1813 3475 2391 296 3181 1088 2113 821
3908 704 2257 4276 4080 1987 4086 2611 4707 984 2611 3934 4010 71 463 3685 2221 4404 2727 3023
2509 2505 123 2890 748 376 433 4776 1863 2393 2227 2191 562 3045 4672 4415 3790 4461 1726 771
1913 2828 2119 3556 1239 4543 4341 4851 863 453 2639 2139 2191 3946 2074 2074 1861 4746 3081 249
4279 1913 788 3710 826 3791 2119 1507 1187 2155 1726 4576 1425 1368 1531 2338 391 1861 558 2061
4168 3241 2984 1731 3413 3570 4686 3339 2049 2191 1929 4672 4872 2528 3475 3442 879 2374 2298 1076
3908 2528 2972 3752 1153 1014 2774 342 3241 4425 2802 4754 3607 978 2674 4086 294 2191 3081 3478
3212 1418 1748 3236 4827 1346 1275 3258 77 3311 2191 559 3408 3226 2827 2963 1089 3180 1980 2476
4259 2570 0 3751 1674 1734 2294 4214 2906 2977 2217 3749 2528 4791 4800 2275 2378 397 2191 2033
4279 4086 125 2399 3 4271 3454 4086 1203 4855 1346 3189 2027 4342 3678 2354 437 4798 490 4817
105 3965 3076 3641 3072 387 2611 2191 41 1627 1033 3465 4512 4626 2922 1532 1194 1627 1565 1041
3217 2723 4071 3311 4342 2499 1689 4360 1689 1993 2701 283 882 42 3670 693 2414 595 4914 4080
4817 1277 1418 1306 3211 2408 3026 4097 4068 810 3034 3241 776 3146 3944 4577 404 1568 2611 782
4259 962 3603 2408 3716 3758 2399 2137 1977 4896 4333 1011 4876 3465 301 186 732 2783 2100 2528
3908 2408 3218 3579 2954 270 127 3496 1592 4125 2164 2779 486 4668 3908 3187 4565 4649 693 1136
1511 365 4891 3850 3846 2298 2900 1187 4282 602 1561 1112 1832 1622 2090 3408 1920 2129 2922 2042
732 4046 405 4332 4776 2074 2854 107 2778 349 2546 1351 4626 3372 1667 1088 909 896 1864 3059
4296 2238 864 4094 734 1426 760 1559 2775 2408 1522 4772 1324 761 1061 708 4005 602 3767 1643
3212 2419 2613 3639 107 15 1099 1487 2555 1651 3586 2131 4838 1342 4304 4490 558 1364 1837 4270
562 474 3813 4891 3053 3151 2786 443 2884 1235 1363 4523 4410 2426 2715 2838 1469 143 1520 1427
1658 2026 3479 2281 4071 3958 4168 1098 2652 595 4994 63 3081 2888 3218 3934 2379 1112 101 934
1560 569 914 2611 1308 1955 2109 4916 2564 1653 2993 1166 1217 3244 3017 3045 2450 2698 4642 1299
4071 2182 2363 2191 2611 3674 4512 3045 1517 3372 2856 981 1199 4668 3883 4629 102 3557 2727 1324
3316 105 4855 4851 4331 2087 3401 2294 149 895 4098 1848 549 3920 4891 323 2082 2191 751 1087
1234 2911 3236 4504 1734 572 1352 3878 3105 4493 2640 4670 3772 3734 2530 4338 2963 33 2408 2504
1191 1568 3556 22 3843 3208 917 12 2408 4033 4668 3638 4891 4035 4708 437 3656 1818 2294 572
4538 1346 3094 2913 2276 3301 2721 2727 960 116 4976 2007 4071 558 4891 2911 3897 3958 2828 759
3908 2377 711 1643 497 4670 4437 2890 1397 4906 291 4737 436 2922 436 1455 2005 2408 3491 2827
1030 2898 4409 3478 2812 2191 1537 4851 4531 2133 2854 2667 4751 3022 2067 4205 1588 2649 4865 1837
464 4702 751 3053 3908 1172 1561 1808 3959 2611 1325 2727 2611 2238 2429 3103 3853 3835 1288 4994
4759 4415 1679 4604 1885 4772 1617 3756 3408 889 3513 3804 4957 435 4024 2408 1328 4263 4993 3085
4260 314 3465 314 149 588 4891 4798 1891 2918 1126 2778 2807 1083 3833 2863 1508 2071 473 2074
3908 3019 4759 1697 2611 2863 2663 3045 2049 2414 2408 3556 1397 2450 165 2555 89 3678 4891 1983
4781 1403 3097 2191 3820 0 2485 4086 2741 526 1667 4224 324 4872 903 15 4140 4263 1052 1338
2191 4639 2148 4378 2725 1233 466 2150 747 4851 1635 3273 4252 4827 1129 3906 13 3408 2358 112
3908 2642 3082 1562 4737 2224 2988 1093 862 963 704 4902 4415 2478 2992 30 1288 4817 704 2334
4259 4798 1818 1328 4246 2450 4540 4263 3858 1319 1346 463 1653 4086 527 2408 2149 490 2890 2204
146 3521 42 1604 2802 1346 1382 3108 3908 3845 3771 1977 4907 3053 1891 4353 112 3265 2849 349
2220 3366 2938 4084 656 3177 102 4076 4307 3019 3674 726 2727 869 1352 816 2191 3483 2489 2922
3212 280 2399 1520 1571 3081 669 3917 3638 1653 2854 4601 486 1321 123 1199 3977 2399 4698 1920
