4999 2963 4668 4672 1627 4060 4276 1318 4149 3081 2191 2238 4800 1136 3965 3236 1471 1542 2392 1609
869 3094 3678 3252 4012 273 1128 3465 1140 4064 782 3261 379 3758 4817 3094 2455 1069 1673 121
3751 4559 4876 3777 4855 3729 2600 914 1088 1993 2898 2047 1426 1485 3494 1837 4623 1055 1861 2922
4338 1608 542 1088 3554 3049 3705 879 1531 1420 1157 613 466 4353 3756 4565 1166 366 2155 3465
175 2890 3991 4537 161 2455 3674 1143 3045 2394 1594 3081 3878 4843 1602 4270 4743 521 1614 4315
2945 4140 474 415 2221 365 4387 2476 1088 4131 1346 3678 3892 2191 1203 1084 2271 871 756 2082
1179 708 501 4784 3241 1962 3739 62 3224 4891 364 1659 2597 1232 441 1766 2776 3366 13 4973
3908 3019 2344 3045 704 3748 1046 4446 1342 4131 4480 4369 2139 3908 899 2131 4286 4951 2470 3411
379 2393 2709 486 4754 2408 3053 2042 2611 895 2302 942 2803 1235 4629 2965 0 3445 3142 2191
2951 3586 704 4355 4876 2602 1617 1486 2113 2139 26 3028 4827 2696 2518 3876 4205 2465 704 2450
1069 3756 2857 1191 2001 2271 4042 2814 3989 1155 1005 2564 3790 1128 3678 4467 1531 4153 2922 3611
4487 376 3840 704 1088 391 104 2605 437 4591 226 3980 4668 1749 4086 46 335 1962 2360 87
2505 1331 2477 412 4865 2084 4923 3586 2191 1232 2323 4086 4546 2062 463 1840 4446 248 102 2865
770 3022 2191 92 860 1301 1582 2678 1667 4859 3729 105 4125 354 196 4824 2854 2475 3447 2074
1592 4263 2194 2774 984 3977 602 1432 817 497 2727 3414 740 1088 821 2774 1294 4576 1994 474
3502 2727 4817 4357 3444 99 4352 3439 238 3505 2131 295 831 527 1126 1653 1465 1346 365 2922
2250 4194 3045 1464 2087 4931 0 2945 2191 4926 2349 3394 1098 3252 1921 1069 2481 1659 3045 4495
2842 2315 1182 879 171 1453 4941 3851 1088 3368 4438 1531 2391 4498 3586 1058 130 2030 3059 1041
3989 550 2928 2375 1458 2791 3582 3988 1309 2844 1321 2176 2133 323 2415 2639 2074 2139 3989 3415
3437 3761 2165 177 4561 1041 2036 2176 4214 4176 1398 4798 2156 3676 3670 391 280 2191 1549 425
2280 1309 1286 3603 2131 809 1631 3032 4672 4855 2993 2428 3551 468 3125 4195 2922 3268 2238 4071
4286 125 4670 981 1142 2459 2435 4276 437 2191 3273 4437 2213 4252 2820 2238 2191 2435 562 3892
4286 2779 3765 2611 466 2191 4485 4827 567 432 301 4975 933 4089 732 3089 4438 419 3682 437
3847 984 2611 3053 3053 4094 130 1627 57 1839 1199 3093 2922 3610 1980 4338 1852 4986 1780 2408
1235 676 1627 4315 551 2823 3651 4894 3650 3851 4993 3586 379 1321 1132 3790 4470 876 2139 4696
2640 1520 1653 1205 2727 704 4678 437 4668 1632 4511 2922 3081 2118 2178 3126 1880 1199 975 1286
3904 2205 1366 3080 4717 3799 2854 2922 2828 1927 2074 4267 4086 4522 3171 4065 1181 4876 2818 4504
3908 3080 3758 1627 534 1627 1465 1590 2294 3022 2450 835 443 1667 4565 171 1131 963 3852 1321
3401 1041 3053 321 4672 2408 1234 3525 1885 593 2642 1653 2945 3739 1453 116 3927 2179 687 4623
176 767 962 97 1679 776 957 986 1996 4736 790 771 2446 2849 1813 1980 1214 3851 3991 3693
602 1561 2113 732 4558 4070 13 2239 220 4613 2191 2611 328 2191 2827 3927 3098 2844 2828 2815
4339 3494 4338 860 2294 3236 3332 174 1337 360 4498 3551 3678 704 4263 1276 3638 3683 1309 2176
602 123 357 821 2884 1075 3977 3525 34 663 895 2942 3982 766 214 3855 349 4504 4984 1041
1993 1426 3933 4446 3652 2890 4471 3557 605 2242 2408 264 3813 1212 3162 2408 2739 1458 520 2030
4677 2609 4154 3222 3344 3818 3045 2499 62 2354 2191 1423 975 3994 1004 3225 1830 3152 1054 2786
3908 704 4205 562 2922 443 1126 1932 4194 4052 50 1957 4101 4817 2338 3211 2775 223 2393 2921
3357 2922 508 4287 2118 3434 3670 3075 2922 4287 2049 4963 3873 2633 4504 28 125 4985 4941 4263
117 831 1726 3494 839 1653 828 2049 365 2555 2860 751 3146 3908 2482 3421 1465 2393 2640 2399
453 4342 3130 419 1047 4263 4140 1199 716 4366 4559 2439 2337 3557 720 2788 535 4791 604 1653
2393 2389 4446 817 3632 151 2593 3075 3908 2408 3906 3564 1413 4987 1503 1128 466 3268 1001 4263
2234 3365 3183 4282 4515 4461 520 8 2611 4941 3252 4437 1040 1500 751 4230 1098 1041 92 3073
4206 4035 4543 2685 33 732 941 4565 1793 4855 1913 550 1188 2849 4465 3208 3186 3045 215 1960
1996 4416 3014 3207 3906 408 41 3053 2377 301 4352 198 1217 3133 376 1277 4697 2036 1097 4147
3647 2844 2828 4576 1518 3181 2358 4817 2014 1862 4891 1880 474 4475 2921 4012 2611 4411 813 4305
3162 1556 704 1325 4270 2036 3019 2344 3045 1837 2031 2139 2875 1632 2141 333 745 2569 1627 2338
2191 1366 4122 2780 2174 3218 3405 3053 1325 486 3053 1969 437 3053 1346 3228 2642 2391 1194 4751
4305 878 3831 3870 534 2945 3738 2581 751 4263 3178 2348 2802 938 2857 3962 324 2806 602 3670
4185 4885 4089 2139 4446 1939 1841 3579 3758 4214 732 4270 1061 1818 3273 4239 2525 3610 3958 4276
1891 1328 1582 195 1689 4522 4818 3892 3340 2135 350 2611 761 1841 4307 1848 4086 2905 4586 4769
323 1458 4029 4312 4957 1346 2922 2963 542 811 1346 1784 2062 3451 3586 3521 3651 3380 1737 4076
1757 4522 2827 535 4205 1235 4588 2777 3547 747 2533 2922 4074 1055 15 4149 732 4327 335 2450
2993 4000 3758 3022 771 3723 2611 3053 1088 917 3556 4844 2323 3852 3085 1689 4495 348 1203 1402
2827 4074 2854 831 2954 4089 2413 4287 1295 4851 3348 2268 334 2663 1275 4205 4263 3790 1653 3410
3404 4342 436 2393 667 3958 1689 2481 182 4246 2793 527 1255 708 119 98 4081 193 4855 2496
1844 1070 4556 1423 909 3233 300 3075 4086 704 1130 1099 4851 4827 2272 2053 3960 4913 2558 4267
1757 3014 1784 4756 180 3626 699 3134 3852 2611 107 4876 2922 2963 4289 4006 3053 3053 793 260
3908 1784 2857 4849 3218 4664 3749 1622 811 1653 4093 2111 280 2298 3428 908 2109 87 2132 1212
3366 42 2302 4371 2191 977 3747 1212 2874 3774 637 1804 2802 4751 28 3465 3186 3068 315 3457
441 3053 2609 41 2124 3827 4415 2922 2828 1432 1098 296 2335 3557 1844 360 2807 3186 2817 4817
4097 4876 4459 1306 871 3014 3790 1328 364 4978 2087 704 2191 4737 1311 2556 4596 226 1813 2627
4626 886 3806 1287 4994 700 2642 1840 3760 3353 4504 2446 4827 2469 4546 2176 3908 2139 3756 2191
1844 1610 3566 3908 4213 1412 1199 2818 3273 2552 4891 486 4263 3045 691 4296 960 3670 4487 1707
1808 4445 4736 4751 4446 522 522 4267 593 2481 486 2898 3293 571 3295 4341 4415 2528 4080 2112
1820 49 1138 879 4315 490 1264 1041 2993 3081 550 1709 2239 3045 223 15 3190 1740 2044 2498
