639 4441 1294 3494 669 2827 2032 3409 4166 1906 4247 2611 2087 3241 871 1465 3818 3547 2340 4461
3287 1088 2416 4214 2918 486 2935 1703 4672 3765 3366 202 1083 3594 3252 4586 1484 2774 4758 2824
4394 4587 2942 2992 4498 2426 2611 1535 4328 737 4076 2610 4791 4144 2992 1108 3582 2767 185 4243
3363 2399 3694 2111 2015 3236 2528 1969 4859 437 2524 73 4452 68 3796 388 3330 2191 4914 1906
4206 376 3611 2401 841 4111 2611 3685 4587 1796 4589 2027 425 4308 2637 4791 4963 1196 3991 2405
486 4093 202 44 1234 2125 1625 1051 3920 3051 1328 1820 1075 491 3262 3820 1574 2633 4263 450
4817 983 1063 827 290 4330 3957 3949 166 3228 404 4946 180 4957 4670 4598 4827 2552 3478 63
1511 486 780 1002 1818 4411 713 3939 1286 2191 3525 905 2674 13 3965 3141 3993 3996 3014 1487
1753 130 4398 3579 4626 138 3339 1011 4874 1098 2504 30 4817 1757 2774 1862 4827 2249 3430 4939
4270 3670 1537 4798 3851 325 2294 328 2191 4805 2191 4504 1789 2085 3547 1403 704 3781 1885 3586
4010 740 4327 4840 744 4437 572 3900 3059 4134 4989 1692 3944 940 2988 1404 3670 3756 4570 2946
639 1224 3134 3053 942 4594 1980 2426 3651 1252 671 123 4523 2139 3306 2489 474 1177 3858 4994
4435 1112 3747 3803 1363 4605 3572 1346 895 1749 2942 3805 1434 2079 4974 4698 1667 4415 4829 3115
3404 3670 4487 2276 1306 3297 1677 616 3790 4056 572 4597 1780 4276 2678 3053 2305 4662 4086 3554
1030 602 3332 4776 2338 3289 2914 965 4989 602 4940 1726 4967 2484 107 3997 2202 3074 2115 4256
602 4206 2918 1083 3053 123 576 1328 4741 4149 4963 2983 4859 2290 3769 2407 3091 3177 3692 3189
2827 3218 595 4565 730 708 4352 2651 2719 4577 2802 2528 260 1375 2053 2294 2611 4781 3378 2414
1083 1784 2964 2467 1679 3996 4360 3958 309 4718 119 2140 4879 4495 4626 2361 3908 3059 1041 1041
4270 1537 3906 1677 438 3894 4904 324 1323 4866 1721 918 3023 13 4698 2191 2611 3427 2699 165
1083 2611 1916 364 3381 1604 3739 604 1774 2631 3228 4342 0 1235 1562 1972 825 1965 4437 3022
2087 2678 2963 4926 2853 1139 1005 4725 3943 3236 1508 704 2408 4908 2216 3852 2450 2844 918 3876
4093 1321 1709 4705 3341 1142 3355 2294 1324 2963 3682 1571 3246 1622 1346 4282 1409 4957 1058 1323
2300 2294 4039 2082 4094 4234 161 4992 4691 1137 4265 4563 749 1142 1069 4891 2440 3053 2625 3478
28 105 3053 4933 4596 3820 1991 1660 453 245 2481 3189 3434 2030 572 1627 874 1275 1269 1098
486 1750 2079 3236 1929 2780 3005 112 4855 2611 1453 1441 1247 4379 1588 21 4673 932 1139 3146
1076 499 1912 831 2564 1830 1397 1732 704 595 1041 3148 2531 3086 1808 4798 930 595 4445 2586
1040 3663 2935 3758 2485 1665 4341 4291 145 1687 296 562 132 1328 1643 4332 4708 4771 2907 2295
2414 3513 3103 3760 799 30 2788 4551 2194 2458 3273 1802 4470 4890 1154 969 1759 2555 4470 704
441 1627 2946 2788 1000 2060 1769 405 551 3588 1969 2294 963 2874 2611 2886 1242 3383 4118 2450
2640 550 782 3833 2083 1622 1592 1525 4387 1124 2773 4865 2224 3761 4195 2220 822 1571 4914 3227
2733 1791 2865 2764 294 1089 1749 4144 4851 2860 2176 2505 4385 3428 3181 174 2727 3001 1323 2191
4490 379 1906 3965 3236 3530 3806 3811 3760 443 704 3262 4737 405 2085 2418 323 2611 4861 3045
2411 601 962 4398 1996 1311 3958 2294 3236 1199 2450 2217 3246 1346 75 2002 1689 105 3752 2913
2242 2131 4206 1220 3153 2298 3441 3525 4581 3678 4492 4597 4502 2950 4352 4364 1170 4664 619 1653
161 3148 2820 4415 2558 2558 1011 3894 3751 484 196 4768 2244 1164 3080 2411 4333 4461 4989 260
2082 4814 3053 4596 1908 365 1349 908 439 4483 3186 1596 3091 4201 4270 2294 3553 1861 4485 2344
2092 3212 4892 4423 1458 1268 2950 4123 4746 4113 76 2294 2131 2449 4738 4289 530 1289 4263 1554
3454 4140 3700 4989 1395 3505 2224 4195 437 1632 4060 2272 1511 4313 3019 1126 3146 3357 3651 3477
3011 4891 4615 474 1881 2217 1027 3297 1931 1609 4763 1376 565 1813 162 3495 632 4259 1486 4798
811 1686 2695 1155 3378 2610 3241 2802 3297 498 4580 1061 3465 2439 1418 1571 710 2922 2505 3549
1432 3224 1421 466 747 3847 3842 996 2191 253 1320 2205 3392 1199 1604 2865 831 4523 3366 4333
2679 1622 1484 596 4542 447 2600 1962 4851 2014 3570 822 4382 4894 2271 543 1885 3899 4863 1969
1757 4999 540 1840 4111 4880 4144 2166 824 478 3669 3177 3891 4312 1614 1382 1429 2556 1627 906
1469 437 4827 3084 419 3674 1509 4185 4817 3183 1848 1565 2302 2065 799 3404 1109 4532 1598 2564
391 4845 4870 3727 534 527 4314 112 4556 185 3607 1088 155 2594 1346 4415 3960 4987 836 3236
2935 1492 2828 2092 3212 704 4754 4384 1726 1622 1349 831 3060 2569 4575 180 2349 3758 4891 1840
3158 3252 2298 4753 2139 3892 270 1194 3645 4012 1041 2164 1083 1413 242 850 3745 4565 4586 843
3212 2826 4759 4957 1141 2290 2609 4076 3586 4817 2886 572 4231 2090 223 4668 1178 1993 3727 1734
2408 2141 3081 4668 120 13 1784 2993 112 1667 2828 2179 3756 4935 3972 1294 4091 1878 2294 4672
3993 4941 871 3771 2822 296 4306 692 602 1346 2314 2322 4817 361 2049 3958 1349 4318 1223 4276
4899 1757 3768 2951 433 4087 4391 2189 4906 526 1458 4394 2673 4338 219 1936 162 3674 3586 313
695 2786 1676 905 1132 437 1174 2669 1653 4989 2727 2246 2613 1465 1494 4639 2186 3560 181 68
2414 1726 1522 2788 2698 708 572 3790 678 3804 1690 2407 1703 1412 303 995 2191 4805 4471 3017
3245 895 4221 2642 2450 4601 2110 2239 1818 1571 4628 307 2131 4430 2030 4338 4278 4835 3845 2827
811 2178 1126 3597 2149 1297 2216 1164 4089 2856 3242 2285 1969 1856 3965 1627 1530 3186 3779 3623
2992 4276 272 2140 2450 1045 4588 4415 4913 435 3549 3493 235 1153 1949 3139 4338 4565 1069 831
3212 3141 3494 3054 3288 3557 3300 4267 2922 2048 2191 2774 155 3169 2092 644 2194 2874 1969 3053
3253 1173 2074 438 2074 1141 2221 1627 2397 3159 890 938 3105 4818 602 4080 3405 26 2890 1046
3212 1069 2674 3346 4267 3623 3994 1088 789 3060 1762 4926 938 3737 2268 3741 602 3710 4353 1088
3363 3451 2413 4817 1364 2203 514 3670 1653 721 779 2699 3022 3669 4766 740 3833 2914 149 273
2191 59 2938 145 2642 1127 4080 2376 112 1125 3952 1878 2036 4597 1234 1980 4482 4944 3444 2455
4540 3444 1668 2217 1878 4565 1622 704 2036 856 165 3403 1041 969 4798 1088 4855 3521 1041 1041
559 1199 4829 3498 4098 1367 4647 486 1525 1556 559 1803 774 1320 4313 216 3358 1528 3013 2394
1328 1431 2030 4205 2967 3751 569 3045 2993 2822 2898 2375 4664 3033 924 2450 3330 4987 3590 125
