3032 605 2827 4184 811 4672 2180 4684 4415 4248 4352 676 2446 4484 3779 2788 549 2450 2640 2153
3212 3141 704 3669 2611 1294 2414 708 1741 4495 1749 821 2457 1747 3505 2504 4305 3791 1041 3053
1891 469 3553 490 821 4637 4827 1041 1041 767 767 4487 3556 1689 2602 90 2824 2006 3053 349
4263 3852 1412 2840 4333 4798 3994 817 1913 3958 1653 3855 3658 2176 3958 33 726 1346 3560 4876
1635 3752 2030 1692 4913 2415 1328 2481 2074 3105 1786 2820 1511 1659 602 543 500 2090 4644 1761
3908 780 1643 535 1667 2415 4287 466 4408 3960 349 4873 3273 1328 4197 2221 2087 1325 2596 1740
4517 2415 3478 435 4307 4325 3670 3546 1953 2564 4263 4312 439 155 3655 2111 8 1345 3242 2087
130 2828 2822 1627 2860 3586 747 1452 155 2414 3525 2552 4827 704 3927 1622 868 2986 1861 4000
2402 3153 3081 3946 3578 3527 75 3607 2727 4756 2963 4012 123 2193 2450 364 2972 2905 4602 1177
2579 2377 4469 2257 391 704 4415 4840 2922 2294 2087 2139 123 430 1199 4616 3096 1088 4010 1687
1521 3872 4921 3224 4140 2498 2498 3549 2191 977 4958 3586 2102 3553 3945 3851 3579 2824 33 3977
2954 2276 4313 1715 4287 4394 3683 4944 3045 748 2228 4205 2354 2415 749 2139 2600 4256 2609 2922
1996 4699 4218 2860 3557 4532 1257 4012 2450 1129 1653 4850 1910 2191 747 4800 2035 3053 3065 740
3530 1045 704 3496 800 1328 4352 2415 3758 1154 1116 3693 3635 3141 4086 2031 1285 4978 4033 13
2829 611 1309 1582 2828 4071 2079 4957 3527 3228 1344 2854 2030 2824 4366 3212 2922 704 2779 4263
4379 1977 562 2727 2154 1511 2993 1375 3804 114 2131 4480 4775 125 2499 4891 2849 4378 4855 1098
585 1083 1052 1693 446 3586 107 704 2676 4071 2482 3181 4477 1136 3906 4076 2993 4287 1511 4623
1235 1837 3252 2344 1893 2838 206 474 704 2074 1719 4817 2504 1301 1962 2102 3153 3241 3906 1530
1891 671 4010 44 1844 2723 2414 419 2393 3454 2191 1203 687 1839 811 4873 859 4010 4080 4798
3908 4000 2356 4819 1290 382 3508 3557 2389 3465 1931 3953 1546 831 26 1627 704 1007 1198 2616
4144 924 505 207 695 3141 980 4094 1312 986 831 2408 1328 315 3944 3642 1818 4957 4246 3958
3404 486 3647 4205 3666 4001 4442 2903 4086 335 4086 3772 1199 708 1261 2408 1039 890 4054 2498
4263 1679 3022 4285 1088 4283 1750 3525 691 811 3372 1667 4149 3478 2329 3252 572 2564 2399 4589
2481 4504 1780 3494 4125 2940 4331 2640 2818 535 535 860 3004 2399 3330 1465 4446 2133 1804 474
4779 2178 2481 2642 4908 3506 4684 368 4585 3611 3939 1653 245 1373 4876 2414 2642 1142 275 1314
2310 2893 2581 1083 2791 1975 2087 4319 4231 3496 2320 4131 4515 1604 1041 4542 2579 4415 4086 364
1172 4250 981 2191 4296 638 960 3045 1965 4205 474 1793 3749 245 99 2280 3635 3141 3906 3084
3769 1335 3494 3358 3302 4546 4093 243 1689 1364 710 2611 1511 1432 2083 4149 511 675 2622 3196
2986 30 3332 2547 2611 4614 437 1139 3611 2394 850 1861 2007 4566 3081 2074 4604 3400 4765 2408
3530 2030 1740 2139 1311 2642 1667 3053 3408 1604 437 862 555 3943 2238 961 2191 2295 3674 645
895 2482 3316 1040 669 981 3860 1349 341 1906 850 1610 4923 4565 2191 474 1346 4248 1328 4702
4504 223 3758 3053 1604 2572 4966 2611 4861 868 2776 2351 1621 704 595 811 1627 1749 1223 1312
3363 1261 98 4487 1476 2402 1338 365 4601 4565 1088 26 1421 2001 1614 810 2221 4851 572 4125
2843 724 2815 3654 2447 1548 2611 2938 3621 2921 3958 1395 102 2963 2779 543 2805 90 569 2928
2640 1851 1653 2139 4817 3797 3861 562 2611 1617 3060 2125 3054 4994 3502 4865 996 3179 3678 3470
1726 3494 1530 1074 693 364 4740 4860 3939 1947 3428 1717 862 4149 1441 4855 1454 3607 732 3670
1069 4086 3852 2294 3080 4153 704 1371 3669 2786 1230 829 3390 2113 1235 2786 2171 3432 2594 3045
4093 4076 2678 2294 3236 4604 839 1492 2399 437 2393 486 1426 2621 3826 1308 595 31 368 1088
2513 1784 4798 3130 3959 2922 2828 1590 4902 328 2719 4537 351 2033 3668 3403 1794 1132 4776 540
3465 808 4670 165 2890 2146 335 1132 4149 4260 1794 1088 2856 2067 4461 2778 3967 831 2504 3669
4779 272 4603 4333 3958 1417 2739 3958 821 587 123 4443 140 2398 2030 324 4205 1914 391 1451
3910 3430 1507 280 2533 2504 1333 22 4089 3586 3954 4668 1108 3053 4860 2315 1465 2672 3241 2030
1757 2178 3207 4796 4248 193 1867 1726 2191 977 3415 273 151 2141 2699 2611 3081 4428 868 1041
3908 3851 166 4700 3045 26 3053 3006 505 391 381 2139 3332 2993 1317 474 599 97 4810 550
2150 4604 3022 1088 1851 2220 293 4097 1980 1194 2176 4461 2776 645 593 2739 2838 3860 3453 2126
942 165 3840 1328 593 4523 3719 28 2408 862 99 2482 3551 4913 2600 3134 1366 1140 1140 4851
3363 1067 4604 405 941 3774 4772 1864 1375 3236 704 3248 1572 1060 4987 4851 1325 4602 3536 252
4964 1055 4149 4670 1338 1627 3420 4279 421 3169 2322 2061 1622 1508 4623 107 1556 4994 1667 2133
2476 4740 4076 4446 698 3977 1346 1458 3550 1268 2087 535 222 3862 4276 4205 4086 770 1011 3586
3218 550 672 576 341 704 3542 3939 2640 1308 1366 2220 1522 2283 4010 3632 1692 798 4327 3494
3404 2399 862 2640 1913 1242 4596 692 4480 1083 3760 938 2203 1235 4859 2717 2082 3415 3401 3835
1075 3045 4880 474 35 842 308 2505 3045 1689 4565 1235 3719 1627 363 1571 4523 2016 1126 2374
435 3568 3242 3102 3920 4097 349 900 3053 1582 516 3242 4543 1811 2250 1812 3813 3053 1223 4342
505 2297 2824 2166 248 2691 1088 4960 3022 437 3834 71 4470 486 708 1108 2767 669 3749 2528
4144 2042 1102 1692 848 2611 2922 3749 4342 905 1982 1627 1234 2856 4817 782 2860 3678 878 3415
3908 1232 2555 4851 1333 4248 2554 3574 1455 2788 4074 889 3053 474 2388 2481 2802 3944 1157 3813
3404 4128 2295 3820 3032 2963 562 4823 3751 3262 1426 1328 420 4933 3031 4149 4071 2786 3355 4415
2570 381 4263 2915 4757 2992 2527 938 260 2921 879 2667 2564 2922 4364 212 2594 795 1851 3790
3031 1162 3652 1187 2586 1315 645 1701 4080 2089 4147 1482 3611 114 2315 4877 1199 1875 2640 2320
4029 1627 645 3053 2565 3562 3001 924 3494 1913 3749 2528 3224 960 960 3996 1643 862 3670 2323
1067 2238 979 1321 1040 368 4849 1689 4504 2131 2176 4859 4851 693 3444 4973 3831 1096 4623 2482
170 2620 1837 771 2139 2579 1275 2508 1791 956 285 2893 4279 1199 1177 4315 4668 3556 885 2408
3847 1837 3252 2632 3958 2191 2166 229 1246 3674 2061 2911 693 1098 4712 2246 2896 3996 1659 4851
602 667 4891 3806 117 1275 1465 4149 1141 751 2030 3908 776 466 1667 1173 2965 4851 3502 3693
