1346 4214 2408 4910 4446 2014 2824 3126 4941 4313 3840 1153 2323 3994 605 1070 4370 1292 2722 4131
2962 2477 963 4276 270 1075 4906 1523 248 3093 3820 1529 1879 3758 849 3269 4113 4222 1923 2818
1612 2072 2788 2533 3403 312 3884 4352 2564 2209 3613 1667 1070 1346 4504 1446 2944 1527 114 1312
554 2179 4756 3820 2220 1309 2399 3652 3607 3181 2450 2547 3022 3028 3471 1041 1040 3053 2909 4117
2314 2528 3611 2042 4291 3578 2699 728 20 3120 3045 1622 3977 2737 3445 1320 3710 1743 2034 505
2779 4602 3758 3965 1147 3081 4401 2558 2005 885 2786 77 903 2788 4904 3019 1709 4891 963 1881
340 1690 4670 4442 2191 4356 2611 1980 3981 3053 2129 2118 790 2849 1346 720 2332 1633 1413 587
3908 3956 2394 2444 4873 2070 2391 4003 3353 3408 4212 646 91 3014 4319 1604 4891 2827 1496 4836
3246 4974 1622 1561 2049 4378 437 1980 4239 4670 2213 2049 4638 2972 4672 2074 3081 336 2074 1071
3908 2735 3652 3657 1134 4032 195 4668 1321 4180 4014 2865 166 3651 4000 2840 4279 2600 3222 3085
1808 747 1136 4444 1726 4859 4240 203 1714 3909 4512 2109 103 2072 4202 3384 4989 2399 491 1312
3376 1277 3028 2600 1267 821 1592 131 4415 3965 737 2553 3647 3871 1184 1833 4459 4689 4879 3236
1925 3920 862 474 2485 2528 4378 3220 1328 4389 2482 562 4798 3554 4934 2391 2159 1150 3006 4855
170 2456 3940 527 2178 3109 4576 4957 4337 1622 3965 1764 1966 438 3306 2625 1423 2415 4333 3989
4086 2472 4763 2191 3130 821 3311 3833 2393 2280 102 260 1770 2420 1726 3927 4270 2147 3607 2484
2363 767 1635 1235 2492 3813 3236 2640 3547 2439 4974 437 3505 121 4501 2236 4596 4891 4486 4285
811 611 987 4707 1415 4263 863 3912 4978 3165 2635 3572 3959 4891 284 476 2391 2178 2856 522
3269 2303 3072 3388 3494 4263 2404 3045 1181 527 3607 4495 708 2778 2191 4569 4601 2428 185 680
3502 321 3751 690 117 2665 2983 751 2608 1273 231 1235 3908 2655 831 3218 132 3556 2753 617
2455 1778 778 2017 3401 4340 4976 4256 2946 4664 2527 839 1653 1622 30 2320 3097 4125 283 2922
3420 294 2155 4048 4876 2063 4817 1306 4490 1287 2956 354 3110 4076 1405 2498 776 1667 953 2376
3338 699 3908 2596 2053 2191 543 3835 4602 811 1439 1648 4711 2849 950 3053 4364 3603 4263 4528
1469 4736 3372 2951 1531 3878 3833 787 3035 474 4276 1708 4047 3678 2030 1494 1548 862 1032 2788
1083 3643 962 3004 4523 771 1622 639 4798 4511 520 3228 2696 4195 1335 2308 3236 1590 4504 2727
503 4415 734 3566 753 1128 4873 2082 602 4501 2065 415 1947 720 3141 4798 2393 644 2528 1324
2727 1734 4702 3586 3677 2074 14 3906 4511 2087 963 3413 4982 46 3243 978 232 3087 2315 30
657 1469 3534 3045 4779 4415 1643 3304 328 1069 2575 105 644 1090 3097 1083 4670 2450 1661 2918
3674 478 1482 2036 1560 2890 1277 478 1481 691 704 3053 2482 3865 1548 3364 2415 2528 370 4928
2315 3920 3638 2910 4153 3239 1194 698 4314 1609 2764 1690 3502 1683 2019 1041 972 723 988 819
343 3681 3190 2611 3053 2288 2374 2611 3617 3872 1734 2635 4798 2298 932 2774 1511 3570 4668 2190
4433 4493 2566 1342 4924 963 4690 3710 1460 3751 4610 4276 2155 4195 270 1913 1124 3338 1525 3311
343 4209 3943 608 3502 2727 2611 1517 108 2585 286 1055 3993 2133 2393 3566 2131 1550 4352 4394
3404 4583 4086 1463 4914 1947 4108 374 1033 1690 75 3851 4287 2615 4542 1128 4877 1773 704 4114
1561 981 1588 1537 1690 3196 720 4467 2447 2822 4974 1988 1328 341 2294 831 407 1906 2092 1627
1603 2789 2701 2391 2706 2132 1184 1674 2294 2294 1667 2731 4459 2450 3663 4256 4135 1757 4352 1186
2257 2693 2030 1726 2788 974 497 1155 3365 3075 2935 3465 437 4968 2856 4546 978 3651 3292 2799
2111 1654 971 651 2517 831 1604 4672 1041 645 75 2415 4767 2993 4446 1741 2788 3333 4476 174
175 2455 260 2087 2393 3502 451 3053 1088 2310 438 3755 980 1277 922 978 2119 3946 4487 1046
4286 1439 4957 4289 4978 2935 2042 1687 4670 3689 3332 885 1076 436 1279 66 55 4344 4812 3066
4134 251 1155 4764 3451 4537 237 2132 3629 535 2779 962 1005 2632 693 3236 4784 1786 97 4480
2955 2561 3242 3574 864 1862 1286 1757 34 4668 2034 1889 2049 3241 1033 1704 1820 3340 4849 1784
4116 4171 4501 2407 3694 4827 1455 1527 3840 3366 4263 3707 1054 3434 766 1012 723 2074 2696 4415
4865 928 4839 1974 3246 590 4267 4533 4957 3449 1489 4560 2053 1563 1674 3958 4855 4071 1726 2993
76 527 618 3109 4312 4287 2773 1782 966 4071 1537 4833 4891 486 2780 1766 4475 665 963 1458
878 3539 3026 3537 1668 2901 963 4501 1142 3908 325 189 431 4378 4911 181 405 3478 1088 3589
3262 3045 2745 4076 2605 4497 1126 4388 2860 2111 3381 3670 2467 4056 567 3045 2857 3767 1272 4415
2408 349 739 4989 2663 4830 1582 1862 4941 485 1347 2498 30 2505 3465 4054 335 2220 491 2031
2489 1676 1484 771 1345 75 2982 626 1982 2528 1709 116 3582 3653 1779 4140 233 2884 209 3918
2197 2759 2685 2092 3355 508 2639 3502 11 1086 2439 891 3845 1041 1666 4081 2298 3453 599 3572
4093 1749 4279 1601 3080 3223 3340 3019 2259 3547 4845 1041 1328 1622 535 753 381 1199 4511 3770
28 3494 780 2131 3852 2178 1373 1582 3388 718 123 1700 1058 4328 3467 1253 2305 930 1491 2922
4766 1997 2220 1408 1683 3053 2110 391 1874 4543 522 4908 1328 2727 2178 3525 2420 3575 271 4754
1069 1991 2349 4376 3483 1418 704 1166 437 4333 1234 4542 590 825 3330 2176 1918 1187 4594 3106
821 3222 4442 227 799 1312 1084 1891 2756 4123 1071 3292 2696 3398 2963 309 2834 2482 821 4913
2935 1324 3471 2391 1713 2921 2633 4523 3609 3897 4779 4855 3521 903 1840 2498 4012 42 895 1069
1075 3557 1907 3407 4415 3358 3045 3958 227 2768 534 2124 2005 4342 4672 189 1046 4086 1921 3654
834 4908 11 950 1811 2854 4452 3830 437 3141 3332 2513 2581 4668 2498 2520 1364 668 1604 3751
4206 2141 4880 2514 3502 3430 602 3045 3130 181 2884 101 1426 683 2444 4670 4307 15 1739 49
3550 419 2528 1040 4200 2611 3084 4672 865 2778 627 4071 1275 2049 1556 3752 2420 1083 1666 3991
357 1980 3707 737 4046 3527 1689 4950 3465 1262 2883 3236 1320 751 1409 4401 897 4741 1703 121
3825 622 3452 1979 2131 4734 397 2661 2318 1178 1702 2704 1420 1426 3986 4533 2298 258 966 827
1988 2938 597 2843 4415 2153 2914 3434 4890 2133 3006 3306 2375 659 1194 1993 4535 3327 1851 4094
737 1837 2528 4444 811 2854 1184 2613 1842 533 3748 4352 3756 3469 3231 2909 4876 3212 149 105
4613 2961 3811 867 4424 3236 2528 123 2056 1689 3948 4871 2733 2376 4798 2903 2481 3364 785 1022
