4487 2922 1034 605 2322 2036 4876 2215 2699 2178 4855 1667 4032 2972 2380 2781 285 3952 407 4477
1254 2481 4831 4651 3652 3864 4531 3026 1055 1363 4333 173 3082 1098 790 2402 863 1740 1653 1324
2905 3982 2849 694 1759 1041 4565 4269 1041 1331 2762 4480 3066 794 537 996 745 2307 4270 2295
4641 2109 597 3045 177 919 4012 1667 2001 3754 42 3678 4921 4576 388 1686 439 4944 1796 3608
667 1571 4128 2191 1996 4672 1005 1980 437 1072 3611 2786 3830 2318 862 1155 4672 1627 1913 2399
4758 887 4350 4817 405 2473 1996 3125 1328 227 322 166 3300 3317 2823 887 1128 3383 751 1862
3933 1242 1506 3758 3571 3184 3933 1073 895 3685 2271 293 3186 222 2918 4182 4612 3053 3053 1346
708 3141 4086 2613 3130 3986 3574 3939 227 3636 1372 4994 2414 508 744 25 1321 15 4117 1918
4259 1701 4662 376 3617 4966 2219 1368 4401 3856 3140 751 3022 437 743 4014 1666 2446 4480 306
602 4667 1007 1528 4710 4670 3608 4894 590 3045 741 2399 892 3228 4533 2611 3643 1667 3366 2904
3946 1627 174 4460 4619 4626 4754 2498 340 2667 2542 871 1184 2788 2509 4415 1401 2079 1312 2476
2016 1687 3045 4827 3196 1083 232 856 2699 1067 4565 1622 2802 1232 2671 712 2251 3429 4166 2361
2249 490 1093 3167 3453 2742 652 751 4394 3301 965 3236 4381 1346 3989 1041 1041 2886 2611 1891
2760 4613 446 800 726 1562 2297 1425 482 3105 2640 4011 2879 1039 2316 3281 1837 1891 2991 3142
615 828 2611 3137 4582 4031 2284 3557 2919 195 3234 1622 1432 2350 3435 3549 4565 1689 2191 1075
3422 3670 2472 909 4597 4780 1128 2554 2838 1622 4140 3045 1667 4565 4446 4319 102 1172 1632 4378
2699 1328 2393 3944 4372 1947 3409 4970 3678 3820 2678 4565 1507 3288 4624 821 551 39 2131 1627
2779 1140 2935 4287 3900 1096 869 1641 602 4071 1494 2857 4092 441 3678 2197 2993 322 645 3825
667 3986 4963 4559 4248 1625 4284 1384 1272 831 437 3820 2191 591 3908 3586 3513 2305 1342 2271
4565 4978 4131 1012 4252 4446 3389 2321 4817 4438 3223 1158 751 3187 963 4368 2520 3994 3397 3683
394 1855 3358 4891 3261 4350 407 1531 1277 1991 448 4664 452 4501 843 1595 2528 486 2905 500
734 868 3141 2595 3330 4602 1814 4930 2357 1499 185 2030 3908 4042 3772 3791 4836 1088 15 1106
1235 4415 2992 2471 2135 2884 4077 3603 2579 1627 1970 2611 1067 1529 868 1788 4670 3900 2191 4914
3908 1880 828 602 3349 1268 720 1667 3167 2237 4817 1328 3156 2049 1390 4585 1241 2810 1574 4435
3332 1698 3846 4352 761 2836 1286 3643 1973 2547 898 4235 1465 4267 4603 166 2455 2389 1199 1124
3204 2166 1153 1498 1537 1530 1023 4754 2917 1124 435 1041 1261 1041 295 3301 72 4839 4080 885
2727 4002 2101 2690 4360 385 3534 4401 2032 336 852 936 2611 3906 3388 197 149 2131 260 486
4700 2827 3141 4263 2414 1385 2377 608 2837 3146 3845 4123 4651 4557 1231 3066 947 54 692 3053
602 4185 4040 1825 2498 209 2921 3015 4391 1813 1076 2318 3865 322 3222 415 3602 1459 2963 1328
1907 2521 2474 2681 3060 366 3465 1905 4339 3899 889 695 1786 3108 2611 3133 2074 1749 4387 2293
3865 4565 1329 4989 4631 3236 3960 1852 1439 123 1969 1645 2780 765 4384 1749 2961 466 2579 4500
2566 2981 48 2131 2246 2191 2863 3965 335 2528 2609 709 4140 2246 4904 2596 4607 3470 3045 4851
1709 3288 2410 2188 2353 1349 3678 698 1076 2131 2137 2640 1196 1651 250 3678 2111 864 107 4967
1484 2009 478 3695 2222 2450 381 1980 3019 879 2668 3925 4668 227 1126 2558 3939 1328 26 2554
3933 1242 3906 3449 4248 3037 4313 1426 2963 1476 1465 2823 2178 4214 455 1324 4307 862 3751 4438
3404 4168 2332 799 3494 3568 1058 2378 2428 3617 1672 3355 4415 2860 1885 333 3760 3469 1531 3949
1704 3189 2187 1463 557 2053 4333 136 431 1531 2085 3557 2727 1439 1980 979 698 1881 1721 4634
3469 4967 4031 4215 437 3557 4602 1176 2038 3710 296 4889 3236 1918 3680 3908 4214 2113 809 2255
2344 4206 3589 2918 1521 3751 376 15 366 468 4326 829 2264 4941 3380 4771 2408 940 850 2727
2962 3439 527 1045 4328 4122 2061 4205 4449 486 1885 2747 4596 3991 4046 3751 4861 4978 3586 2782
3946 2573 1076 2159 3674 3651 693 2508 132 693 3975 3127 474 704 3751 3962 1689 3854 1840 2602
2036 1323 3873 273 2191 1079 2027 497 180 1906 2596 545 3297 2560 3096 1012 248 3142 3317 3564
3363 789 1170 4865 3535 2764 2113 2876 2391 3015 2848 161 4992 761 3828 2521 1918 965 535 2496
2955 3647 4779 1426 1075 4603 1535 3026 3588 3198 483 1178 2640 4379 4798 2349 2498 2220 1175 817
4681 2280 2323 847 1535 1419 2890 1306 4287 1454 2579 1373 3958 3635 2993 1199 1855 1740 1709 3537
4206 1447 4827 4798 2208 2004 2364 2905 2407 1599 610 4446 751 1187 2611 363 406 2751 1582 2092
2536 365 1604 4338 146 4838 4267 4926 3310 3053 1011 895 602 3317 352 889 3994 1723 1039 1622
3099 4717 1861 693 2564 4200 1956 3758 3053 2246 962 885 4214 1136 3001 3792 30 4462 4213 3530
3872 1773 2087 199 4855 4935 4446 2884 3081 2881 504 1337 877 4565 1088 165 2008 2049 112 2164
4779 11 2302 123 3339 645 3727 2272 4668 2922 1109 3613 2446 3685 2229 2132 325 3997 3502 2683
2391 2521 1818 4461 161 2828 2161 2564 3661 105 1429 4504 4859 2581 4097 4415 704 1749 1566 4315
2935 4495 112 2611 1862 3707 102 1627 1154 4437 862 2611 2605 2084 1072 2585 1844 2793 1913 1291
105 4086 4069 3082 2954 4398 3045 1666 2922 4736 2450 1503 2049 882 1590 2155 154 2824 4265 2477
562 4263 541 4978 4827 2932 2450 4990 2191 562 2472 1067 245 1139 4772 1789 3747 1562 799 2505
4206 3054 3707 924 4342 4840 2879 3158 3236 4342 4976 3076 2195 3383 2922 3241 2802 15 1137 3612
244 2031 4565 4900 1617 541 3607 1064 41 1972 1604 4415 105 4480 889 4446 1556 3009 2618 753
3212 704 602 1667 2793 885 2827 2242 3608 4127 1917 3224 608 4236 1140 3592 1622 864 3457 274
1019 3996 4241 1721 820 1413 1020 2553 1230 1399 4437 685 1098 4813 1228 272 2034 713 1837 4379
1418 4086 3846 3416 2963 437 1041 1110 1830 4504 4855 1734 3600 4911 3602 941 3586 2111 3830 4374
897 1244 2191 3831 2993 2297 3732 2198 2092 2368 4788 3282 2191 2922 4736 3906 4987 2945 3167 3565
895 4903 1537 942 669 2528 2385 2691 341 1780 1749 149 1147 586 2309 667 2870 1603 237 4967
782 835 4378 4239 618 275 4328 1027 555 1550 2922 3137 3243 1346 4855 663 1458 1751 3913 2890
3404 535 3045 1027 1632 2780 1320 245 2153 4973 1346 1885 3674 3465 3743 2499 3685 3846 3059 1049
4369 4185 4263 375 2298 4751 2087 4184 170 4231 1033 1704 2773 4678 4009 1154 879 3826 990 3906
