3363 3378 2922 1625 1476 4342 1318 1818 3669 2449 41 2844 112 2246 364 2854 4594 588 2553 767
4781 405 4098 3583 4239 4353 4077 1173 2042 2890 2951 1397 1837 3906 1667 2789 180 1088 3670 441
3233 2304 4623 4817 3096 960 3081 4624 3045 1413 1155 497 3134 4924 4493 4263 312 2408 2033 3101
1267 3790 3790 2527 1837 2031 2849 3408 4000 3069 732 2016 2190 3908 437 2764 1125 3330 4131 3154
2109 3001 1950 836 2739 3813 4205 4092 4855 3214 2547 4263 4670 3218 4289 4071 1590 3991 749 791
2159 1455 543 4670 3661 1083 41 366 4250 1492 508 1627 2600 2030 3341 2919 4086 4312 3332 2191
1140 1041 693 3813 4827 2611 1532 1550 4080 2963 1667 4565 3652 3150 4875 4862 2611 3858 15 4342
1431 4465 227 4714 71 4304 3059 3987 4315 4089 2838 3619 1088 1559 3053 3607 826 704 1199 2137
3791 4621 1199 4446 1059 1537 2413 4168 1531 2950 550 223 4659 211 1458 949 3651 1150 1072 2415
2602 2214 1856 4214 1397 2270 3156 1076 4263 2863 4247 4417 4966 1125 83 1780 704 2405 2089 4263
1844 132 3852 3740 3563 4850 2344 2769 469 749 4827 2642 1582 4437 1562 1980 1667 4565 1818 4446
1643 2611 2030 4080 3934 4546 123 3181 2446 195 2860 4298 3603 2131 3603 3346 4305 4879 463 1421
562 2922 676 260 863 2949 975 486 2935 3401 4289 2688 4914 1458 3105 1287 1465 2074 1962 2246
3933 505 26 704 3934 644 514 3538 2199 2561 3250 2191 4478 4420 2501 4469 4240 4546 3481 4718
3241 2828 963 4690 3586 1001 704 831 4378 3053 4240 4672 3494 4435 4125 2236 1572 3022 1083 3739
3009 522 3813 933 2854 226 2139 2191 1136 2824 490 3586 4426 4326 3711 774 1087 2176 4086 4195
2164 1653 924 1667 780 3388 4952 2001 3001 2701 1272 4603 2500 2802 4670 2178 75 4758 4471 3222
4270 2074 1833 1830 496 2118 3566 248 3190 2280 2611 1223 3106 287 2320 4209 102 4353 4789 3670
4144 486 2399 474 4338 4333 1265 2462 3196 4649 3053 2298 896 2393 2315 2399 1346 4033 4685 767
602 1098 2922 3975 2963 1889 2030 166 4577 3215 2572 42 4011 4092 1653 4214 437 527 4891 251
2415 1891 2314 3306 4951 2838 164 469 1840 1855 2191 3667 1484 30 2815 550 3001 938 437 1920
4093 4879 474 4086 4976 1027 2061 4246 2735 4100 1773 3790 868 2922 749 2399 2049 4727 104 3852
1840 3066 3931 1041 3053 978 2640 296 2137 2415 2139 2905 757 3525 1578 2512 264 4906 543 4737
3908 831 3274 3586 886 4781 2611 466 3756 1910 2139 1579 1139 3765 1132 570 3798 3751 3091 136
453 2949 2782 4035 2950 2922 508 1993 42 1397 379 3344 4262 2061 4438 4209 868 4270 3240 4523
3908 1232 4440 311 4338 3927 437 2576 1958 917 527 58 4570 2191 4800 1491 2964 1088 3946 6
1966 2408 889 4833 2608 1989 1382 1213 1504 1346 3790 4282 336 3265 2701 751 4836 486 2543 3494
2399 3670 3045 1800 4300 4007 4271 3146 593 708 3139 3053 1841 2385 3671 831 2640 1784 1556 2450
1066 1249 2843 3106 486 2408 3494 4523 4613 2594 2408 587 4209 3804 3572 2666 3465 1296 1429 704
2439 1155 4160 375 4125 2011 1893 1604 4123 3376 1334 2399 3617 964 2922 4827 2280 1293 4415 1205
3368 1537 1842 4338 1235 1046 2631 419 4493 723 3651 3957 1203 193 3006 1653 3982 2564 379 1088
1235 2877 4454 2454 2139 3212 4263 2149 878 3218 3110 4467 2922 2963 1417 3556 2030 437 2378 1979
4855 1913 704 2295 1203 4849 315 3084 4891 2131 1046 1011 3872 4565 3982 1098 3579 2131 428 1741
602 4206 4184 3014 704 3701 1088 1530 1617 1317 2178 2369 2482 4941 145 4601 3826 960 2191 3202
4759 3022 4263 4563 3081 3796 4803 2482 394 4446 2256 1746 1973 4417 2090 3414 3045 4205 4908 3279
1431 2747 2611 4033 868 3790 3372 4415 1661 4033 1275 4957 3045 2423 3944 4859 3977 2482 3097 1574
4206 4709 2789 693 3148 2936 1726 4802 1283 2822 3009 2131 4773 4694 4616 2945 1667 742 1067 4776
2363 2176 4894 2865 3586 3566 2911 2388 1695 4670 1573 667 4891 1088 2191 474 3927 2865 1346 4860
3212 2079 1139 732 3520 3751 1938 3337 2903 4012 4342 1977 3200 4987 1139 1088 2678 4394 1054 62
562 4830 4270 1906 4261 1066 3944 1294 2102 4490 1088 3583 1750 125 2976 1088 4670 2139 2191 1572
2137 2890 1033 938 1046 3652 2007 3696 1704 4957 41 1088 13 1609 1342 2854 2735 1054 356 28
816 981 602 1486 2814 1088 1098 3334 4033 2726 3069 1588 4279 4490 2195 1203 1734 732 4252 776
941 2794 3647 3557 4252 3674 42 4382 3760 2786 3302 2922 2828 1346 3273 1969 1741 341 3352 3678
2717 1667 4263 3208 1192 4876 1689 3882 4563 811 4796 2150 3167 1556 1234 3635 3557 437 1366 3525
3212 3274 821 1409 2298 42 816 1627 3861 4446 4796 2294 3378 3134 2100 2793 4199 1323 1725 2528
770 2264 3023 2191 2611 3146 2119 2704 2922 595 704 3236 3053 12 3846 3408 2224 4338 3683 4670
1235 2221 2954 2963 189 1147 1920 3469 2927 4523 3989 2546 1627 559 2408 284 4352 1763 27 1041
3751 704 695 1818 3553 3556 379 4702 13 3965 885 4507 2408 3939 3790 3586 3181 4461 4574 1458
3109 1310 4933 2393 3946 2113 161 669 3905 4250 3957 1269 1458 2503 2176 1178 1112 1418 1487 165
3457 1112 2293 4716 2505 2074 452 2338 2611 2293 3579 2639 3611 1037 539 2450 486 2079 3611 4796
3953 963 188 1416 4941 2678 2074 2074 341 1622 3252 219 1608 2788 2450 2632 4504 2822 363 3414
3908 3855 4716 2611 3223 42 2131 1346 2020 4698 1949 3958 782 2777 2176 245 3563 4533 2180 1312
123 3813 4565 879 3670 441 3756 3767 2027 505 1375 4453 1709 4928 4243 1980 1681 1342 1228 930
4174 2309 1653 2191 273 936 1941 3193 4668 2414 2723 1140 1965 3457 193 3570 732 3557 2564 4333
2030 1470 781 3760 3196 2082 3678 4515 4320 2435 2119 3791 1264 1407 4318 215 2786 4551 4438 4044
1891 4926 1194 3408 1315 2640 4149 4415 2556 1458 2837 1141 2854 2035 341 1562 4512 3586 4086 2922
4779 3765 1069 925 4378 756 4529 2294 2524 3813 220 3246 3189 1139 3408 405 102 42 1147 2294
3363 2191 2611 3977 4379 4342 4880 1469 2807 2126 1813 2446 3471 843 141 2268 1936 4543 2334 4271
341 4231 1223 2860 165 3549 930 1562 1335 2922 2827 3218 4477 704 2992 3574 2708 3638 1027 3479
1659 2374 2726 3045 486 1321 3670 4080 4094 4634 3619 561 2344 4901 2863 3911 3771 3053 3811 1944
3218 3522 1432 4080 1106 2030 1740 4643 1653 1967 2514 2220 3105 3857 3917 1841 2084 1131 2269 1689
3674 452 1041 2109 3019 2727 2280 3908 4378 2844 2155 2174 1088 4270 1814 2093 3414 3796 2053 4438
3130 1830 4136 2993 1375 2714 2890 1838 2859 42 2315 737 3564 2640 1522 1667 1582 3756 535 3028
3158 4522 2678 1136 4011 1116 1210 2990 1556 1556 4960 1040 2381 3790 4989 2727 1223 1205 1913 4268
