4667 4586 1561 3760 2708 3724 1030 2880 4649 2661 1243 1326 4032 4772 2394 745 3073 2788 2774 4565
2415 486 2408 1041 4565 4855 1708 241 4623 3790 1328 1766 1131 3511 986 636 3421 3773 2177 527
4974 2992 3000 1667 2211 2073 2268 4939 2640 2399 272 731 2030 2178 2393 2479 3331 4333 1627 4851
4681 2699 704 3236 3559 4338 1228 2137 4435 2508 1088 4042 13 2414 4259 4176 871 62 3553 3710
1709 3076 4433 3557 2191 3677 3053 4623 2111 3022 3134 2676 4382 2414 760 3097 1000 1154 3912 1418
4259 4255 2592 4759 740 4218 1107 4876 4125 3388 2318 908 740 3332 2543 145 4885 4866 766 442
4737 1835 3670 723 2459 3242 1223 3790 4125 4378 3742 342 3944 463 2111 4086 795 251 3586 1975
4737 3986 335 1069 2294 3076 1848 3408 1136 75 862 535 3495 2890 2191 1485 3629 4323 1891 2727
4934 1066 4065 2993 2191 4527 2326 4248 1830 443 112 3508 2831 1183 4844 1852 4080 149 2033 1839
3813 3161 3765 4891 3641 4570 3059 2298 4813 4064 4134 1359 3441 191 1155 2070 3769 4670 4512 3420
3503 2373 3574 985 3586 1755 1643 3227 1312 869 4279 2757 2074 4276 2255 4012 2700 1750 4287 4855
1777 2435 766 3673 1830 4315 2408 1364 2727 3258 125 4254 1362 4809 4139 1065 2414 3211 3758 3008
4014 1122 4957 498 223 1071 4891 2324 1004 1349 441 1320 252 2031 766 4276 4817 1328 174 3813
2310 4963 4855 2591 4782 4772 1530 4791 574 941 3053 1818 3513 1973 2209 3647 2481 4994 4228 2611
2478 2752 4878 1975 3053 4352 3050 3607 2822 484 2827 1261 3053 3053 3053 1205 1485 4623 4740 2715
2113 2719 2980 466 1441 4381 1970 4487 877 1043 4877 4012 1223 327 3179 364 2164 1172 437 1009
4206 4415 1653 3739 4094 1780 1701 4472 2788 3241 4827 2294 521 4839 3566 3445 2030 1579 1293 2439
1469 1967 4756 3408 4276 4891 1088 4338 2509 1947 1328 4710 1046 3823 2119 94 1840 2149 3683 2272
2478 1022 105 3451 452 4634 2778 2468 4180 3747 2517 2774 1413 4629 3670 1526 728 4166 3091 3820
3933 2090 2552 3472 3441 4978 3758 4076 4209 323 1458 102 3134 38 3611 4837 3429 2727 4086 1346
2309 2498 4086 3788 41 2191 3772 1531 1766 2315 3494 2061 2787 4248 4011 798 2611 1223 2663 2408
2397 611 3758 4127 572 3674 631 3946 1590 3465 572 1157 817 1264 876 2284 1637 3650 551 443
3230 698 1235 4410 2191 2611 1458 2778 1364 4040 40 535 241 4594 1264 2849 3408 3647 535 1579
3608 232 1349 3053 261 4211 1484 3582 440 3892 2605 3945 938 806 3813 4855 405 1693 4012 2856
4495 3041 4149 260 4967 4263 3651 3934 4449 3302 488 4911 2459 4393 717 2035 1609 4342 4128 3557
3404 4672 4957 4929 2827 1328 4672 3053 4891 4519 4689 3878 4214 862 443 507 3494 1347 1276 2552
3218 2431 2924 2408 4332 2611 2131 1328 597 2321 3218 4725 1041 1041 957 1088 2049 3480 2295 2298
3946 2098 2952 4984 2538 643 1913 1721 2854 1665 1047 4465 572 1131 231 1913 2164 1543 3833 2119
1366 811 4575 1689 1132 3060 3465 2458 2801 889 3096 886 669 2822 2512 223 3494 1627 3105 4960
3928 1767 1913 3707 558 4672 1199 3820 2268 379 204 2372 4123 4662 1588 4438 391 4338 4565 148
3130 4978 2828 474 1107 4482 3602 4840 3623 4515 3077 704 2854 1808 2611 1387 3482 1041 777 4086
1643 2564 1840 770 4994 2445 3683 2415 3525 2993 2113 1674 248 3189 2778 1577 3028 2788 3908 515
737 3943 828 271 2935 3105 3813 3127 3209 2020 4031 155 3563 2704 2250 4425 261 4033 599 2506
4526 1041 4399 3799 623 4210 1093 4357 4076 2600 2159 3908 1987 3547 1654 1747 2030 1416 4987 737
1041 4012 1155 1067 2827 1440 3852 2705 1494 2126 835 535 2450 3429 2049 257 4263 3975 2090 4827
1579 550 1011 3678 175 4450 4312 1537 2303 1088 1098 294 740 2890 328 4012 3109 1942 1352 438
704 1457 3647 984 4098 1432 138 869 4851 3105 259 4149 643 2922 394 2520 3148 3045 4469 1193
3723 1346 323 3651 4209 2922 215 1067 3190 4694 1749 2074 3273 3146 4682 3136 1265 4496 1255 4487
2409 981 204 1346 3796 1157 181 1748 1300 2029 1767 335 3777 3603 4827 374 1458 2693 1321 3674
4206 1593 1689 341 4299 4974 1889 3511 4757 2611 3137 2178 75 4860 2131 3516 2408 3494 2381 2674
1808 4426 3106 3586 2446 4891 3748 2849 2802 2213 4698 437 2921 1870 1970 2265 123 105 3586 3610
2195 1252 4289 4736 1405 4080 1308 2823 1099 1308 602 2731 2590 3772 4470 604 4446 2061 1530 2176
2478 2979 820 4911 77 3751 1352 2414 1702 665 1582 895 3927 799 4263 1484 3977 3756 3756 4080
987 3678 831 522 1041 4872 3146 4144 1635 4289 835 2294 1494 2293 2804 2406 1078 2059 1308 2244
4093 2824 410 2305 2778 1993 312 2600 3465 4829 437 987 557 2124 2030 3831 4558 422 123 431
4967 4263 2415 2085 2935 4339 1366 831 4034 2600 1877 105 1204 1375 4347 2905 963 1627 102 2220
3908 435 32 240 2190 4565 2049 4851 2288 3858 862 984 631 3395 2779 1766 4458 364 933 1159
3269 1041 879 3574 94 2399 1418 4840 2727 3332 4263 836 3146 3908 1201 2993 2063 4851 237 3082
3993 4021 2030 4168 3159 2281 3222 4849 2315 2903 2802 1203 3141 4914 4656 2963 2221 2290 488 3745
1267 704 2894 2408 2992 4567 2220 22 3796 638 1199 2856 1235 2674 4879 4263 3052 3096 4707 740
3667 3547 1088 2315 75 3146 1653 4197 962 1980 4987 817 3209 4503 811 127 1325 2596 3674 4487
4551 4835 4383 813 2375 1603 2294 1664 360 4469 1235 4218 113 4790 602 1203 3146 3260 3437 2914
831 3019 3674 4184 2007 3031 149 644 685 2778 4095 694 4881 593 737 4960 1969 3252 112 438
2500 2197 516 27 1577 3597 723 4994 1076 3306 379 2914 2087 2827 4855 4798 4460 500 3236 1659
3774 291 1199 1069 3169 938 3223 2294 149 217 4331 2191 1955 1704 1511 2364 365 1321 2874 4743
782 4730 2414 1026 934 1124 1267 1830 486 174 2391 4011 233 1195 3383 2775 4855 1556 1627 3045
1433 3813 3674 3411 3906 4590 1910 862 535 2993 4487 850 4404 1418 1199 1128 4798 2129 2215 3710
1469 4830 2613 2139 3057 2962 3557 1349 1844 4879 3505 1249 4360 1747 2072 2393 372 602 2096 1346
1793 3674 3236 1401 3451 572 4855 1656 2049 1040 1041 3850 3045 1102 387 4847 203 258 3053 4896
4921 4438 1947 1458 3949 827 2788 4014 1734 4459 1880 3022 874 4417 4465 3236 1373 349 860 821
3530 2115 1233 248 3989 3378 2399 184 2298 745 402 4269 1088 1399 2552 1098 4531 1007 1643 3361
4495 2905 977 4102 3738 4664 4526 4038 732 3647 2521 3852 1813 1311 2634 2408 2292 4466 3236 981
4206 4415 1864 1653 4338 1342 4531 4957 1920 3378 1622 2993 4352 4352 1465 4276 1921 321 2139 181
486 2408 1234 4643 3846 4337 2727 2905 2727 1537 1667 3776 2025 4168 1891 1365 3892 2297 1126 4339
