2309 28 2528 614 4891 3570 4737 4279 830 602 2178 2090 4352 2786 4589 2450 2498 4338 3946 3674
3162 3467 2322 3045 3218 68 4861 3416 1667 4331 3053 1827 645 4504 296 2394 4798 1046 3557 2191
1431 4495 534 474 226 2388 4817 560 4891 3346 4441 2844 141 108 1627 1346 1041 4041 4565 3411
3908 831 1603 1033 1033 3855 3658 3105 1465 3439 1916 2836 1708 3564 704 376 3817 1531 3845 1199
4431 4670 4707 4963 2272 2905 1784 2854 2854 3840 1242 3557 3081 2391 3738 3317 3672 1155 2727 2246
4205 116 3045 3670 3994 4214 4490 404 2268 4382 1643 1912 1321 1508 4154 3045 1537 4338 4795 657
4623 2414 3663 1848 3965 4212 2131 3082 4398 605 605 2057 4851 1622 1142 3252 1439 2446 117 3642
1164 1199 2564 1643 844 2271 4044 3023 399 2737 3389 3202 561 2559 4263 1531 4957 3242 856 248
860 1458 2727 30 4737 1574 1005 962 3674 3760 3058 2802 2031 245 2579 3906 1088 809 3908 3790
543 3845 2730 2401 515 1734 811 3340 751 3241 1667 3977 1320 2399 1311 1918 1426 3678 4798 4124
1701 3496 4966 2149 280 3557 562 704 1692 49 602 4855 1041 3678 4753 602 2876 4125 2408 4255
4565 3388 2318 3241 1726 4596 3765 1972 141 2874 2528 3279 3414 3059 3983 2993 2191 1966 2950 3154
508 245 1588 3094 4529 4855 4915 2611 2098 2067 4333 1759 4649 227 296 1442 3845 3811 2408 850
1046 2133 2611 1511 3306 618 2946 98 2826 2131 3328 2414 294 2900 664 3045 1164 1199 3958 2481
3670 1565 2761 1973 2594 2191 1734 671 2515 2408 3774 4876 3241 4342 4352 4005 4351 438 3790 4171
1604 3346 3924 2294 3471 4312 2564 751 2033 233 2435 4378 4967 4587 3478 2482 4714 1582 1084 2320
379 4623 3212 998 1078 4512 3790 13 3739 4314 402 3892 2939 437 1098 3761 274 4214 1205 1224
1643 4128 4409 2191 1030 2087 1994 3678 2723 3045 2461 3944 4263 917 953 841 4248 1431 4817 3218
3148 994 4355 1950 2778 3784 1757 4908 1782 4779 1778 1955 3727 2475 1861 119 2399 2643 2176 1791
1653 4963 1579 3549 3756 2191 3061 3022 2191 889 4394 821 4537 2415 462 3674 1346 704 169 2776
602 2250 2293 1760 3239 3849 2268 550 3746 2552 3958 2276 1532 2250 2774 2600 1205 3163 1064 4859
341 486 2922 2828 2507 3678 2191 486 3241 1686 54 2320 1075 1564 1941 452 940 507 704 4276
1150 4916 1814 4269 3278 2687 4928 3547 4069 2756 3287 2290 4263 3790 3853 3212 1321 2860 181 868
3826 850 4978 2074 1088 4415 1465 4374 2246 2505 4891 1195 1627 1782 3414 4957 315 2315 2927 3908
4287 1418 4500 3134 2481 2074 4086 3134 3096 1913 4058 1659 3332 2998 4471 4389 4989 3363 4928 3852
4093 2528 1083 3980 2611 4941 1028 3772 3471 2727 2408 3366 222 1572 3917 2450 2481 885 3856 4473
811 2611 123 810 3710 4131 3772 3300 1009 1851 1041 1041 4798 3223 820 1235 3958 1880 645 364
486 3394 2922 1711 3751 2698 1270 1106 1116 4149 2061 3642 4095 968 751 4761 41 2854 2215 2414
1906 3353 4313 3525 1417 2159 2290 3383 3790 2126 2585 3674 3006 3494 2079 4086 749 1767 2323 2918
766 4133 2500 3724 3134 1985 3143 1335 602 2663 2139 4071 4276 141 4012 2611 157 2005 4393 4840
453 1491 2450 437 794 2176 515 2213 572 3958 1136 1265 4149 2950 2890 2391 1804 2623 4978 4286
602 3465 4194 1476 3770 3760 437 1083 3635 1700 2469 4737 3505 2178 4698 1782 3202 2030 4086 1088
4093 3408 3553 1128 1530 4228 831 4590 112 1962 2552 3415 1012 2554 2838 576 1627 2102 4401 4565
1788 1561 2611 1439 4913 3259 15 1891 3241 2061 3639 3739 4948 243 2482 1235 4974 1342 2318 103
508 1837 211 978 1653 732 4616 1749 4511 1627 4076 1717 258 2454 3053 978 4353 4941 2802 13
811 1793 4385 2775 4523 3670 3773 2388 4226 3608 2139 1875 1418 3408 2865 1294 3502 1679 4447 3371
2374 850 4276 4012 4596 4596 4798 1098 4071 4587 2174 2466 4352 2639 437 391 1750 3939 940 939
4861 4387 2349 4602 3670 2191 241 4243 2520 4652 384 1880 4878 3901 3181 1627 4746 1423 4516 98
3404 1608 69 22 2446 162 4238 2191 4140 2776 3611 3405 3760 535 4480 2410 165 4994 2131 4597
4080 2334 2773 2015 4543 3317 3860 1308 486 4263 15 1951 4153 1627 1182 831 1324 4086 271 1957
602 1709 185 4705 4086 4252 2786 4670 981 1767 2191 1202 4754 4437 55 3952 2415 4465 4817 1328
424 3651 786 3240 1814 2939 3566 4367 3982 3938 1844 810 1109 4358 174 2271 817 2791 2414 2110
3758 1262 1321 4035 3059 437 2471 1537 443 2402 1740 3366 2388 4542 704 4352 645 2922 2042 2600
3162 439 2295 2325 4276 3075 2408 2909 1027 439 332 4172 2968 2630 4364 3415 592 3877 1667 4565
4212 1692 2270 3241 885 4623 4504 4495 4855 1366 3143 26 1661 3651 4714 835 4149 4855 3215 740
1891 3670 831 1820 2368 2595 1980 2963 80 3847 4356 3939 2334 2408 3734 2756 1194 28 1232 4532
1083 4381 3469 767 645 2667 2727 3774 2139 831 798 3357 2786 4987 4011 1872 1708 1300 2611 887
3340 704 4551 260 2844 3958 3404 4247 357 287 2611 745 4601 4565 2450 3366 2030 2131 2786 3856
2455 2918 3009 486 1556 2268 2640 2910 602 782 1352 2696 3404 4827 4714 2176 1643 515 3906 981
4270 4668 2393 2065 2711 4086 4012 1918 3734 1410 3703 4089 4330 3045 4136 1653 2450 3508 1689 2120
2756 3465 3272 959 2090 3611 3739 848 4748 2481 2343 4767 2807 2031 4097 75 2905 4779 693 3053
365 4891 4270 474 2446 3586 4086 3002 1235 1676 2414 1913 1808 3437 4879 486 3734 2030 3806 4382
704 2963 3236 4342 4338 4003 3772 2053 2118 3228 123 1074 490 1275 2673 1548 298 3053 131 233
4717 3843 3273 4435 2131 3024 2727 749 751 4952 2749 2631 2361 505 4487 4098 2774 3602 1214 4185
4279 4394 4276 3009 1075 3727 558 3852 3236 2678 2921 2036 1982 4338 4737 4817 3053 1659 484 4575
1814 3852 2334 3419 2808 3908 4504 3790 1362 4071 3081 2376 3236 2184 4504 4754 1980 2874 1136 4586
4263 4485 1565 761 2087 185 4342 4228 534 3927 4425 3091 1182 42 3358 4913 1571 1506 4115 4668
4252 2611 4439 4487 3099 2446 270 1530 4532 2611 669 3411 3711 2111 3521 1862 1244 4836 3207 2218
3212 2389 1074 4896 3236 1837 296 3908 4276 1839 2358 1040 2345 2542 3295 2806 1980 4741 1627 4086
2579 0 2905 4019 976 1235 4305 4338 2499 1507 3806 3134 4307 2828 759 4855 1223 1627 4570 41
2663 1604 3451 1364 539 1704 2727 1667 4565 1789 4438 969 364 1423 3908 2946 4879 557 864 4282
2137 2377 1820 4338 959 3366 3133 2440 3734 4978 1622 2414 4597 656 2298 1959 3796 751 2517 2256
1140 1837 3683 2176 4045 877 868 2631 437 1108 1012 4664 3595 772 2495 4282 985 4639 4668 3561
3218 1328 2036 141 3951 4260 2191 2520 1530 1667 1608 3022 3134 3942 737 4495 644 439 2498 3908
