782 4615 4639 3287 3852 4338 1012 1962 3162 3790 645 1695 2435 375 1326 4214 3873 1242 4598 2828
4504 3494 2074 4017 4461 248 745 4215 3241 439 1617 3058 1279 2774 4166 229 3494 4941 260 1235
161 212 3081 1902 929 2478 2879 3654 2972 562 704 3075 145 437 1993 241 171 4081 879 2124
3171 665 102 3732 2450 3846 2963 4670 2611 4827 3411 3364 437 3161 1941 2298 685 3989 3565 1840
2057 3223 4532 4071 2854 831 3790 1627 4576 4378 4817 4152 1659 1749 4267 1840 1413 4776 1217 1656
3130 3401 2481 3556 2557 4529 3146 4565 2450 381 3494 2074 1248 1199 692 4960 4319 4214 4736 1328
2036 2166 1861 3951 437 529 2407 3081 3114 3938 1837 1041 4289 2304 4086 3134 2178 4855 4870 1321
2450 3483 4914 2823 2060 3678 2780 3241 3252 3908 1891 2030 2498 3918 3380 4287 482 3738 2779 4089
3262 4012 2137 4672 4172 1900 543 966 3908 2828 4360 482 4947 3329 1786 1328 4092 2031 4287 2249
1150 942 2139 1030 2213 2155 2504 4012 1813 437 1083 454 4672 704 237 4342 3892 3892 1040 3372
1902 260 3513 1592 83 3827 4128 2611 704 1128 700 2051 4798 2586 2512 3273 2374 4268 1906 3934
2176 4086 486 2474 4286 1793 969 1582 1690 558 535 4123 1293 3796 378 1041 1140 2780 3473 2766
2390 1941 4418 1328 4427 4824 2727 681 3906 2271 2600 3927 2616 1814 3670 74 454 2315 1920 4370
3363 2415 3181 4994 2164 2481 2408 1328 1395 4537 2191 2439 885 930 328 3094 136 4089 2592 4649
4773 2805 1088 3583 1695 4080 1147 782 2564 3790 3296 4470 4056 3081 2569 2027 145 1610 1653 1005
3946 4992 3626 3982 2322 1288 4596 749 3053 3502 1 1202 3448 4725 2388 2085 4565 4664 1604 3647
1891 1588 2962 698 2827 749 3357 1659 141 232 1229 602 4956 4860 13 1234 4507 4415 294 1098
1524 2727 2611 3906 2251 732 2562 1439 3707 2420 437 2606 1726 2045 3790 4896 4263 3045 3899 1625
1966 2220 1581 1229 2191 724 750 3851 4835 3453 4313 4081 3638 1155 2318 862 3641 748 1700 4154
3701 2849 1781 1692 1426 1881 2505 2323 2191 3847 262 3623 2191 486 120 2137 180 2788 287 3279
3265 2922 15 109 2745 4044 2164 1033 3125 3670 2191 4269 3011 4994 3349 3505 3045 1791 1270 4307
4919 618 15 938 1083 359 2639 2191 3960 4342 1703 2477 2450 341 1328 2738 4493 3908 2972 665
782 405 987 1566 2178 2246 4851 4333 1820 181 3642 2640 3749 4623 3958 1375 599 1996 2085 584
1431 4992 3928 2131 963 1364 2780 2776 4789 3531 2854 3753 1067 4123 537 4387 2426 1431 1720 2360
4641 3147 2938 3996 3865 3442 3045 2450 439 4382 3976 4626 123 1525 1005 1734 2334 2298 1083 2751
4003 799 2221 1046 3053 392 3797 2087 4850 2302 4441 437 3743 117 4994 1667 1214 4535 23 4086
4206 1593 2865 437 1864 2505 3281 1609 1715 4153 779 1311 4502 2981 2879 1078 4155 2414 3824 1961
4206 2829 3883 3649 3131 2049 4817 4289 1083 863 831 4215 828 271 3492 3564 1041 1565 1328 2922
2992 1191 2983 885 227 4957 4796 562 112 790 1622 3691 3611 2344 248 1530 3546 1592 125 965
3772 1592 1600 2430 141 2137 4531 4725 4651 4873 1443 3717 4577 1726 1609 1346 1824 2378 223 1537
897 4263 1155 3586 4860 4480 3586 2674 2399 1061 737 618 3010 1881 2415 3201 602 2302 2657 3557
4003 2030 385 1571 1027 869 3314 2514 979 713 2049 4205 3363 105 4855 4798 1753 1738 1692 3612
123 497 0 2312 821 4913 2450 203 3920 4333 2294 2074 1089 514 4111 1653 415 2119 3977 42
4259 3239 3993 4873 3647 4861 4629 474 1212 379 4287 2111 4836 2176 3583 4287 2126 3804 1345 2191
3303 3054 1511 809 3262 694 1055 2586 1136 1155 247 4653 3770 2815 2033 593 4855 2092 1150 2415
3363 3858 1301 4086 2154 4918 2528 206 3404 753 4859 2191 2489 215 490 2444 1283 4283 1080 2992
4500 185 4696 1692 527 3236 208 4471 4941 3553 3945 3142 1069 2774 4287 2865 3751 1328 975 4085
2242 2295 987 2484 1855 275 1644 1885 3141 2611 2609 1325 415 2298 297 3366 4596 4754 4978 2827
1532 4258 4416 1492 2063 437 4542 3293 969 1109 1627 3982 2818 2320 4378 1663 1184 1463 4791 1139
1234 3732 4337 2918 1545 4569 3306 4973 3761 505 1579 2374 4796 1039 1906 3556 1235 2393 432 3954
4596 4873 2735 2288 4401 636 3570 3511 4052 2624 2387 720 105 4279 1906 2543 1073 2087 3311 1491
2934 1553 2408 688 941 3193 451 1531 3139 534 3193 2674 2166 2132 3769 2774 1244 1848 3670 2687
1568 708 3638 4541 1214 3882 1503 3465 4618 125 3852 2898 4149 1294 3380 1802 569 1367 882 275
2905 3685 2391 4987 645 201 4577 7 248 1655 1525 128 2320 4289 4990 2246 4086 3059 2653 3053
4798 2298 1416 3223 4542 751 4590 4352 1413 604 404 62 463 4012 2131 474 812 562 4817 4089
2234 1566 4830 2849 3520 2479 2611 2696 2264 3462 1365 1467 2805 3014 3816 3045 2770 545 544 381
3530 4817 1582 618 2685 879 1726 4084 4944 4437 4791 4291 1432 3847 942 1069 2213 3240 1609 4312
811 844 4989 3847 4672 602 1848 4415 4342 3761 1830 4337 2191 1509 166 3865 4052 1970 3222 315
3162 978 2122 2401 619 4665 3453 4802 1234 1184 4338 2610 1413 293 1794 1346 2038 1818 335 3654
4717 2177 4802 1452 2450 2131 2092 1685 3790 3840 2778 3353 1550 287 4068 1141 4994 2764 1864 394
2478 486 2408 404 1767 3791 2109 2031 4919 218 2652 4489 1681 41 2765 4080 3105 930 1726 3556
2300 2435 4482 4287 2654 3931 2131 2642 2132 637 2292 693 1342 3494 2786 4670 4951 4469 1171 1346
1040 2449 799 765 1693 1062 3103 3577 3085 24 357 273 3586 1210 4489 4314 379 3023 1653 1346
870 3625 3994 2543 730 1491 364 3053 1346 3241 2139 4282 2761 602 308 1891 1796 383 3167 848
2611 1140 3870 2410 2602 3840 1980 1808 693 1321 1582 4602 1418 4924 2240 2521 4629 896 473 879
453 4446 2529 1663 1363 3642 2074 2905 607 810 2294 4507 3820 1670 3588 764 2084 4598 1700 1281
3404 4891 862 1051 2633 2965 4708 4441 4391 1088 4855 987 936 3368 1199 1076 3678 3563 4891 3401
1709 4287 2849 677 476 4094 3404 1874 4707 4565 4054 2266 196 233 527 3639 3372 2066 2993 295
1914 428 3053 535 4123 2610 4127 4511 4437 1749 3186 1049 2008 1955 2360 4014 149 3027 1076 379
671 4680 2911 3221 3563 1294 4714 4860 4149 4906 1242 2049 611 3991 2992 1088 4766 1455 162 1869
4286 2238 1655 2521 4542 42 2763 1054 941 2993 644 2513 2826 963 3673 692 675 1795 2528 2450
602 508 2191 2849 860 490 123 2962 2236 419 2505 101 4071 3058 251 2826 782 4563 2875 844
105 794 3652 474 3332 4314 4819 2111 3830 1346 2255 1076 4836 2814 3820 1881 3241 4523 4362 1878
1235 4495 2074 3711 3791 3990 4906 963 868 2406 91 3011 3087 3780 376 2305 831 2155 2512 1064
