323 2611 2015 749 3053 1827 2368 1426 2775 3053 4256 1813 3169 989 4142 1155 1962 4900 3582 4041
3363 440 3133 3077 4271 2827 26 3143 2727 1334 4086 3241 3570 3566 2191 1439 471 3554 4275 1881
4680 2368 4672 2294 2450 4166 1708 4401 1531 3765 2393 4583 365 868 1143 257 4623 3557 4709 2442
1561 981 636 1689 1476 3770 2666 1478 2323 2092 3638 527 4495 2876 3053 1192 3677 3982 2817 1861
4680 3233 272 2516 4583 828 2611 301 4841 831 2779 704 1689 1242 3489 4994 2860 2038 2200 2611
864 4587 4411 3993 2993 1083 1040 3842 2393 1880 2964 602 3830 3583 4307 4071 896 2450 1324 1242
1040 2504 4565 1548 1043 3045 2499 1851 4333 708 467 2379 721 4803 4042 2213 473 3313 1830 4537
3061 693 938 3053 864 4715 2473 2666 437 4128 3212 925 4387 2741 3053 965 1439 3236 1321 3674
896 4214 2159 3091 7 1991 1362 3235 4086 1692 749 2706 4437 1347 3756 3441 1600 3126 2360 4876
1643 1338 2030 3920 237 4313 1093 376 3642 2414 3582 3908 4313 665 704 3602 2280 1659 2687 4360
4517 2191 2611 4562 3053 3053 1296 41 1346 3996 2191 2489 1116 4149 2081 101 404 4276 716 4333
1672 2827 2963 3556 4855 1764 1037 2498 2211 1157 3790 1643 2917 3502 3465 4878 527 704 102 978
77 2302 4378 3071 2191 2611 4861 123 2640 4428 1837 3790 1627 4817 2922 2699 1465 1465 2415 90
1172 1788 2377 1723 3813 2343 2030 1951 4557 850 2694 964 1622 4565 2191 4707 1011 2049 473 2470
4759 4535 4263 1088 4237 0 3465 3790 710 4610 2393 1155 2030 3938 934 1956 3996 3081 2139 749
1685 2462 1674 3189 3586 1417 4532 2439 2611 4044 2634 4994 2921 1328 2982 4973 1622 3053 3811 3892
1191 3586 2315 2922 4375 2611 3413 2921 1055 3053 3006 2613 2839 1942 165 2543 3332 3699 732 1690
811 4465 1232 959 4829 2246 3607 781 4736 1142 761 4859 2818 2338 3846 4012 4948 2631 3678 1265
1848 2611 4857 3218 4813 3938 341 1903 3139 2556 2854 2191 4080 102 490 1198 2906 4285 1088 1709
3212 4672 3505 821 2119 3527 1301 2036 2396 1784 1980 1382 3939 1203 2993 3908 605 732 3408 2564
1040 56 2661 2004 13 4218 3861 3408 4032 1158 3557 2191 2084 1667 1067 1627 4263 4401 987 2611
3908 3670 1386 1112 4979 4537 3790 4909 1448 1667 3053 2467 2429 2922 2827 3670 4487 1112 938 2782
562 490 4773 2417 4912 2756 4668 42 645 704 2191 862 184 963 918 869 2250 41 1347 3465
1235 3767 1848 1155 1855 2814 3939 2642 1511 3790 1364 2727 2611 3366 3678 2528 4080 2139 1667 535
2191 1366 1814 1069 4255 1325 2504 1734 3091 2042 2292 1201 831 4086 3943 3670 4144 4914 1409 4396
850 4989 4634 4906 2466 77 2890 2570 3758 2119 4986 2611 2007 1373 349 4985 4815 4558 2139 2600
543 2079 2786 3960 889 2450 3498 245 1687 3402 3525 3408 4597 2408 2922 2828 1878 605 1663 4352
3619 1363 149 2505 3146 2918 1328 2393 2661 3298 1083 938 4308 4177 335 1689 395 651 1047 25
1055 476 379 1286 182 3053 3311 3820 2074 4668 4276 995 4649 2253 3906 3952 3939 3586 986 2385
1537 4263 4535 1793 862 898 49 1414 4566 3101 1132 1909 1840 2719 2396 2443 1910 4357 4904 226
474 2653 3968 2408 1308 1820 2786 4551 4137 1033 3073 1080 2827 1002 3494 2820 2259 486 2537 2439
3212 987 2528 4446 4315 4342 3695 593 1556 474 2191 3607 3955 90 3053 2246 2482 4707 165 3806
486 1126 821 3383 562 4490 535 1885 1046 3053 2897 2074 2838 1296 1604 3845 4960 2473 3670 4963
1828 4052 3790 3858 3198 3496 4214 491 3760 3651 2786 2092 2408 4522 2886 2963 704 2142 3091 1465
4260 602 2542 562 2294 2611 2118 4406 1740 4817 4342 1349 3273 4037 2544 704 1749 2131 1183 562
3610 2042 2600 3918 4297 1113 2391 2857 3212 1328 2154 1178 80 4763 4144 3820 4805 3908 2082 1312
300 122 357 2195 1748 4668 2145 4535 981 4855 3272 1531 1766 3184 437 247 4149 1364 2512 1286
2478 0 1311 3719 4786 3813 2447 3133 2613 4598 305 2246 1352 4990 1537 1203 3756 940 2950 4352
3908 4205 1537 1568 1465 2466 822 4065 2820 2876 4425 2854 3504 4010 1328 2922 1770 350 3647 4144
1579 365 1147 1142 3666 941 4855 4086 3774 1088 3738 3380 1972 4860 177 4259 2344 4131 1537 4080
4781 1403 3340 2860 1157 2678 2963 466 4269 2191 2611 59 2290 2793 1352 463 3365 1294 4086 1508
4517 2557 1704 2922 2089 980 4948 349 2935 1992 2572 4565 437 4490 1608 1820 1837 3494 258 2323
4517 2611 4672 2393 3022 602 1643 1588 4941 3096 3390 3408 2294 4668 4012 226 1842 3045 2176 4276
1235 2414 947 3053 3348 1347 3053 2238 2189 793 3811 1685 1102 3994 3172 1784 112 341 4209 978
1075 1439 2922 112 3577 4315 1643 1750 1126 2924 1311 1722 2191 1203 1364 2753 1277 2755 1812 1203
2459 1568 4623 2292 3045 2505 2827 4239 3674 123 4876 1141 3551 1413 3588 4836 437 2133 2393 505
4759 2738 2139 1891 4441 2050 2774 720 4263 799 3085 2439 4829 4098 987 437 4123 1746 3045 2344
1203 315 1293 1289 4537 2886 1088 2719 59 4394 3105 323 3556 90 1537 3059 3553 4678 4639 1415
3404 3670 15 3647 2150 4446 2498 1247 1508 415 3908 3952 2918 2727 2611 1458 522 4470 1235 955
4394 1495 3236 534 2935 854 3053 1670 3765 13 13 4973 3852 1243 3811 3306 4788 4718 3855 2139
558 3617 3015 2964 864 2668 1525 1421 3681 1364 2391 2176 2838 2132 3923 2420 3023 655 821 1076
2341 2260 1977 3236 4342 4149 3413 2611 2528 4131 3908 1275 3053 1045 3815 3727 1667 2429 3670 1248
3233 4899 4065 4049 811 1667 704 3480 3653 226 944 2993 1199 4342 2217 2102 4004 1667 4827 244
2905 2639 2030 4427 1049 2541 1088 2234 1080 2573 1203 2176 1550 3053 260 4338 1943 4647 4374 1973
4206 3772 3939 1342 1622 3939 1040 3306 4195 2220 2302 2023 3938 4357 3813 2600 3813 2993 2191 3908
4071 3525 1294 704 2159 3310 1328 2737 163 474 2083 165 1338 1235 2170 3311 132 1659 4851 2087
453 123 4214 844 3674 1820 4263 2945 811 1227 2922 2261 2139 879 185 704 2191 1426 3394 3611
1413 315 793 3756 1058 1483 1877 3241 1147 4871 3502 1195 4289 3502 562 4313 811 4896 4415 749
4086 4140 4926 1346 1253 241 1432 4467 4672 2993 25 4836 4214 1548 2255 2111 3252 766 2399 837
811 3339 782 2793 672 3457 3823 1966 1980 1632 605 4975 1199 337 336 4957 4289 4431 4415 4504
3908 4387 1918 3162 1076 474 2890 4305 1511 4855 3194 2528 3647 2178 75 3607 1667 2294 1791 2074
4263 2849 535 2227 4796 4041 3908 3669 4422 2922 4176 3134 4597 4626 1465 2727 3996 2191 3001 4941
3723 1874 3608 2719 2594 1346 4903 4256 4009 1199 3772 3790 2176 2503 1300 3311 3555 1346 2922 2778
2962 4279 2092 181 4476 4603 1528 2208 3944 2977 2472 4604 933 2131 3218 4560 1417 3756 2415 3073
