4093 2089 572 4960 3022 2408 4598 1782 4865 3223 2378 165 2139 647 2546 324 112 2611 2863 468
3760 2527 42 837 42 4855 4798 3586 2408 535 3317 1368 1276 1229 1891 2611 813 694 1294 801
474 4086 1354 1418 2905 3060 2666 708 2293 2137 3332 273 878 4415 2349 3081 3069 2320 1511 2921
355 1622 987 2405 4626 4071 3834 478 4029 1128 3015 4573 1001 2414 2542 2600 959 2820 1181 3927
4206 1837 2570 2191 2849 3401 522 2586 3030 2761 3521 383 3654 3218 223 3378 507 831 1830 2292
441 2477 2087 4700 1793 2364 1182 745 2185 2004 3790 645 4378 4523 1739 4263 2564 2905 4401 1098
3049 4861 3912 1969 4565 1088 4602 3670 3045 3045 708 1508 121 90 1088 971 2191 811 3852 2922
1067 4415 1784 2854 4311 4731 2625 3496 3557 4442 2178 2399 1293 379 956 2633 4218 2305 3081 657
598 748 1820 2428 4911 1780 3949 2558 4229 3006 895 1469 4746 3146 104 766 3882 1831 2344 3586
1328 257 2504 2596 251 3415 2027 2911 4824 558 1980 2827 4081 4425 2110 708 560 280 1071 41
4696 1328 2440 535 1653 119 1536 2429 4939 1067 2408 940 2191 2050 3611 2914 1335 4283 965 2488
2733 2922 2042 486 4419 425 2137 963 1325 4745 1726 4342 4908 4817 2826 4270 1328 3542 4994 1182
4962 4505 1791 1765 3654 929 3073 365 4913 2325 3081 2581 2921 2844 1734 1791 4798 3610 4891 4577
3130 2191 1701 2450 287 3218 4805 2191 2084 3521 799 486 3623 1075 2441 3081 101 3053 3820 2082
1365 2922 3567 6 4214 2092 4064 2023 4058 123 2129 1476 3223 3408 1710 226 3408 4781 3154 3790
3230 2191 4781 2220 4601 831 908 2788 997 2271 1929 1328 2884 4276 2890 3212 2414 3586 811 1170
4263 3332 766 4338 4597 4962 2042 3652 1609 3552 166 1862 2667 2408 3222 2640 4342 4596 1047 84
4093 26 704 3619 2935 117 1689 2408 2049 878 1667 2884 2828 1740 1242 363 2018 708 437 2477
1914 832 1719 3556 1253 811 2294 976 4698 4908 864 4425 1667 4565 3307 1421 2921 1889 3105 2221
1674 4311 2191 811 1667 4565 3556 4581 1142 3790 2505 379 3761 4263 379 2030 520 1625 3146 1395
2640 4394 4459 1791 2029 1397 2650 4201 4409 3674 3944 947 3105 173 2524 1018 4246 2030 4921 947
3872 2999 2415 4696 3899 960 1164 1346 3332 3865 2788 66 4670 3767 2119 4279 1861 2706 2498 3408
3760 831 2408 3241 1494 437 3415 3167 2650 4307 4837 597 1142 4865 1667 42 2786 4449 2774 2993
1496 1837 2713 2170 869 3758 1864 3891 344 885 486 895 1562 2374 1653 4855 3580 4753 2264 1667
4495 2016 3652 2176 2860 2640 3245 3494 2481 4855 248 4012 1453 1556 4115 2450 2446 2731 708 1917
1199 2074 2085 2050 3045 1530 1667 3830 2294 2505 4265 1269 2611 3308 41 2667 1627 1465 4214 1494
2478 844 1030 1128 4393 794 3134 2191 1494 782 165 2298 3053 4849 2399 3639 4017 2191 2774 2113
1040 3045 2137 1375 1088 1088 201 3073 2554 1858 2547 4264 638 42 2155 174 1041 693 4342 3564
2719 3483 1494 1977 2220 2820 2546 4338 2504 4123 2611 1559 72 3908 1711 3670 3366 3586 4829 889
4798 2599 2426 2922 1627 1033 1851 4680 403 3670 3939 4784 985 1040 854 2610 2191 1083 3633 305
3218 639 3758 3053 3208 2807 1153 3981 4149 212 4131 2779 4214 241 4725 4615 2298 4949 1127 102
1083 2890 3830 1661 42 4056 3291 2501 2691 3128 2446 3906 3075 1324 1347 3674 672 610 1011 248
218 3053 1365 490 2191 4446 959 42 2139 3431 437 1893 724 2059 3045 248 1523 1088 4127 2408
3212 1592 602 4865 2863 527 2453 3432 4012 1264 1203 2993 897 2632 4228 2611 1203 4438 1237 3317
918 687 4125 618 4586 3528 3010 123 3031 1142 75 1375 582 15 2294 2050 4415 1106 1151 4670
811 2993 1823 2803 1618 4076 4914 463 441 1241 4482 167 2191 2238 698 3557 2191 3401 4684 1881
2570 3460 4855 1582 1265 4209 1862 1064 1098 2414 2481 4084 4209 2243 1418 665 2178 1881 13 4993
1537 2399 3806 3688 1100 4086 4185 2318 811 4526 3790 4390 4276 2408 862 605 3557 2132 868 4470
1560 1885 2865 3538 602 2721 831 2217 2191 4069 3623 3791 1421 930 2981 1531 550 4456 1677 3045
737 3513 938 4442 2541 1038 2408 463 3989 3340 4974 4670 1211 2499 2762 2857 2634 2393 441 3045
2955 4511 2610 4250 3751 324 4276 4342 784 1069 3670 4873 4051 714 3277 2849 3520 437 1504 2298
2150 1556 4855 704 4270 978 102 1465 1813 4214 125 602 4891 947 2828 821 1142 3854 2653 165
1066 4891 1203 4338 40 1446 963 535 2191 1797 4123 2029 1368 1450 2609 185 2921 3186 4357 2374
3670 4487 2764 2506 618 812 2302 391 4956 4987 1689 2415 4974 3991 88 2056 3212 1480 4508 15
1418 1413 1693 2220 22 0 3657 3723 2611 2385 2786 1142 3292 1588 1157 4333 1577 102 273 281
1469 2446 305 280 2905 3773 3081 4501 4542 2611 2203 1572 3527 2298 4369 3768 3053 1098 2179 4879
4206 821 1269 2074 2317 224 1458 4477 4586 4649 4957 2527 605 2511 1352 2139 2408 1469 1562 4333
3635 1259 2827 3231 3146 4565 1653 351 3905 1334 275 379 1508 526 3678 1041 1041 1627 2737 1973
4995 474 2581 3252 4256 1659 2027 4629 3670 1399 486 463 3725 2280 981 2611 2609 535 1667 940
2375 415 2302 42 1719 308 4957 4375 3001 717 2322 2950 4072 2727 2922 2865 4264 385 417 2139
2919 362 1954 4891 24 4576 4957 1844 473 280 2074 1627 2663 2822 2082 4150 675 2149 123 1969
4490 275 3683 3045 1413 1099 4604 4415 1622 2176 1280 3906 2947 4086 3091 2860 751 4836 2111 3958
3212 3122 3053 2642 2922 665 1088 1234 4615 4796 3669 867 2528 1072 4737 740 1139 1582 2782 4601
3230 2766 2191 562 1379 3674 3773 4033 2408 2528 4319 4094 4014 2611 2133 2611 2922 28 2304 1627
4263 2175 4796 2998 691 2131 25 4836 3813 127 572 1266 4737 2408 570 3670 4319 4560 862 544
602 2036 2586 2863 1403 1328 28 4913 4725 831 3093 2552 2849 107 1041 2896 2415 1088 948 4012
505 4134 2238 817 4415 3791 1059 1011 3053 4873 1627 4994 1791 3048 2131 562 508 2191 831 233
4259 831 3647 2505 2992 2408 1780 2090 2992 4903 2433 417 4523 4415 365 522 2175 4949 4404 3854
2375 3934 737 202 2124 1556 1431 4940 70 4278 4709 4446 1692 671 3958 562 1338 1047 735 2788
602 1346 3045 552 921 602 570 2414 1345 1294 3553 3602 3826 2730 2401 3858 843 751 4046 4276
2579 2472 1520 3960 4603 1382 3586 3045 3773 3103 3727 1228 1205 4263 349 3678 4933 2191 486 1357
3826 4185 4064 3302 4999 3670 391 2640 2640 3508 3022 275 818 3773 3451 4252 1749 2505 3408 219
373 368 3223 2874 1088 4209 2074 452 2215 4610 2827 1891 4974 683 1886 2651 437 3186 3494 1535
959 837 516 322 2408 2714 4033 1653 811 1813 777 2030 3082 3845 4747 2459 2082 4987 4397 2090
