4334 391 474 1140 1993 3222 1136 2824 732 2132 3408 473 3415 1439 4512 4855 527 4594 543 1665
2717 3081 3695 1653 3045 4357 2884 1280 437 2090 4263 2290 4949 1395 1749 3909 507 1996 3761 1808
1140 520 4802 4827 693 4454 4879 2593 3861 117 2854 2293 3677 1347 1581 504 364 2465 4913 4928
1050 3502 4865 4994 3368 4542 698 1223 1308 3520 1203 1686 4694 1818 437 1576 3946 2007 4185 4010
2435 2128 1277 527 4128 3272 4662 1088 478 3806 71 3212 4379 3019 1487 4352 1837 3906 4411 1158
3162 2903 99 3991 294 1537 2036 782 1040 2640 1934 2611 275 4218 1286 704 2674 2334 2542 3934
4252 4623 1842 486 811 4594 945 2525 1203 4076 2827 535 535 1224 2600 1294 4313 42 1465 1077
4080 2828 233 2576 260 1397 3609 1885 1089 3236 4441 3153 1645 3053 1154 341 1632 1627 2987 2225
3651 3378 2271 2290 1196 4147 3582 1172 2058 2005 1880 2922 4827 195 1107 3856 3521 589 4989 2611
2408 2700 2611 4967 704 2778 1717 397 454 1667 377 878 1220 2031 1632 364 1590 4873 251 751
4865 1188 4876 2508 245 3002 2504 4442 1363 889 2450 4442 2450 4913 2176 3167 2147 4665 4056 2458
4967 4012 188 3475 3053 3811 869 2408 4313 4948 4918 918 611 3557 1572 435 668 2292 693 3727
4597 574 112 879 1622 4483 3494 1126 3670 2415 2450 22 539 1041 1041 1627 3790 3553 4003 885
1637 2251 474 3242 1848 864 1415 2408 3019 1141 2854 166 3045 2774 4908 30 3450 977 2599 482
726 2775 4342 2061 2870 4851 3692 3058 4647 2788 4387 3908 2381 704 2916 437 995 2775 1328 2823
3218 3796 4619 1840 4791 1627 2642 3758 1373 4987 1550 1531 2049 2063 928 2774 204 4602 3619 2176
1844 2477 3306 895 1589 193 3834 4470 3819 30 2394 3408 2962 4333 2343 1157 864 1324 3958 41
4817 2611 3949 2504 4021 3053 4855 530 490 1709 2960 4438 4276 466 4206 3714 1844 2828 325 1045
2613 3965 4031 134 104 41 4426 3683 379 4820 3609 1395 1203 4437 4402 3672 3525 4487 376 1128
4469 4014 3432 2195 1249 1667 4338 1793 4990 3410 2205 2761 4086 1667 3557 2394 1627 2762 3139 3222
602 3045 544 1088 3465 3557 2611 1203 4725 3933 704 868 4378 1834 2528 4362 3053 3811 2408 3759
2890 2167 4342 3146 397 1128 4953 2315 4598 4415 3977 2061 233 1128 1958 2696 4929 3823 41 1550
3647 3670 685 3939 1364 4565 2191 273 2178 376 2294 3332 4718 1136 4495 31 2775 3892 1194 1441
1050 1709 201 405 28 1627 1622 3626 1184 2298 4332 3022 3678 4115 1672 869 3796 827 3022 3401
4696 185 4490 2031 4005 3494 1670 820 3908 4379 4211 3957 2318 3124 3813 4891 2191 2849 1088 4371
782 3494 764 2393 3340 1098 4014 3241 3727 2171 956 203 2717 2280 3652 4936 1731 1878 207 2178
4597 794 3362 1142 572 1027 1399 1306 4963 2393 4876 2408 2033 2350 611 4817 3835 2737 4012 2393
4206 4097 1679 1494 2611 2860 4470 3852 3277 2528 2191 451 2818 2528 1906 770 4240 4014 3223 376
3908 4086 3332 576 4289 2408 2255 1140 3449 4352 4084 2640 4415 704 1951 1808 4010 1192 3935 260
3212 3114 3858 1782 2616 4438 704 2294 1418 572 2298 2805 4215 4197 2611 2113 2166 1249 1088 3372
1067 2238 1418 3996 1286 3437 2307 3022 130 4909 3549 4737 4125 3965 2408 1124 602 4743 4940 1891
4259 65 2986 2905 4487 4313 2778 2383 402 2030 4891 473 1667 4565 437 4501 2828 2131 4908 181
262 2892 3467 1908 3045 315 667 437 2611 1294 3494 4957 675 987 3387 4885 767 1848 2224 3071
1492 2191 1439 120 3260 335 1178 4597 4333 2826 486 2344 759 1667 2455 3751 810 2466 3080 2890
4827 1458 3004 3884 3059 1913 4342 850 3133 4297 938 1645 1321 4090 3465 3671 3956 4876 3820 3032
3019 704 2856 3425 4425 2414 2511 2838 3939 1041 3053 2087 2661 2178 3224 2236 4800 3297 437 4725
3363 2191 3273 3520 1067 3647 1136 4446 1349 3706 3996 4214 2341 4654 4133 0 4504 2074 437 4565
1653 3147 1172 1913 2211 3364 1418 4185 2061 2926 4010 172 1942 2564 2727 889 2132 4981 4006 1841
3831 4899 3218 3939 1041 3791 3119 1030 2596 211 4248 1128 2600 1632 1321 4838 1011 4956 452 1294
1844 151 3521 4458 3384 2146 2036 2972 3908 4086 2611 4876 2498 4596 3414 1839 3408 1416 1653 2905
2642 1942 817 2111 1837 1627 1578 3053 1293 3268 1778 2180 1625 1604 3009 1395 4492 1140 4150 3779
4487 3019 2215 733 938 1979 2552 717 2857 2555 3053 4352 1064 4012 2221 1837 663 4800 1918 161
3509 223 4290 3189 2315 2393 3465 166 2118 2414 1605 2767 4263 2290 1653 4313 3471 3053 3053 2611
1653 3052 1622 4890 4157 443 2109 1066 3330 960 3683 132 3580 645 1147 2191 4271 2061 2378 3586
2900 4668 3678 341 165 4976 3749 3927 3408 1571 1681 1153 3507 1023 2935 2482 3241 467 4255 3236
1386 4421 3045 4714 1679 3784 2155 535 2727 2922 3401 3053 3105 687 294 2191 2033 271 1697 271
4010 942 2771 168 3784 941 3053 1098 4353 2408 4973 988 379 3551 2030 15 4691 3297 1147 672
4286 1203 2285 4446 2481 1051 3670 2788 3796 443 704 4262 3403 1136 941 4709 3376 2481 1643 3965
4661 1041 1041 2611 1287 3707 1941 2611 2471 2334 1453 3574 3939 3053 1040 2275 4095 2414 2344 2176
4279 3014 2610 1662 4389 1286 1046 3557 1223 3790 2070 4460 1777 2935 2408 2194 2922 1805 3790 2611
320 813 4773 1954 2391 196 3045 3852 4880 3840 988 2360 3148 1230 2890 4565 4260 1199 4694 1299
4206 3651 2344 3236 1863 821 2596 2472 4602 3059 2191 2087 2298 3946 2611 228 2981 379 527 1947
4394 889 2320 1852 2315 4596 2982 403 428 3557 2394 4128 4166 663 1339 3996 3526 1667 535 1098
2640 1818 3045 2481 2408 3147 3931 1813 1088 1511 4473 2450 3547 474 1957 3339 4847 1141 2290 2408
1067 3919 474 3683 4989 2727 1667 4827 862 3677 4827 3158 1041 4012 3141 2249 180 2414 2062 3831
704 4899 437 2780 1395 2246 676 1980 3980 2849 99 185 3908 1033 1157 723 2074 4205 189 541
3586 478 1579 293 1553 4990 4711 335 350 4963 1269 1275 2791 2717 1848 4097 2087 4725 665 4774
1317 1823 2235 2297 2195 2482 1136 4672 4214 3748 738 1321 4102 2774 4372 4994 1128 4854 3830 1941
3045 3670 4012 3494 2221 1316 4252 1136 4993 1565 3756 4504 4836 4342 3572 2993 2827 2208 816 3611
3162 2814 4978 1088 941 1582 788 2865 3553 3341 3691 3996 4241 222 3851 1548 1655 180 4087 3716
610 1083 1007 1118 3339 2611 2611 1041 1627 1818 564 4144 2131 3341 3557 1301 3909 4906 248 2557
4206 4415 2528 2298 1679 1253 2302 4398 517 1667 4543 3167 4250 938 328 3045 2838 2191 349 3989
2890 1528 2918 2414 4649 3715 3982 2390 2337 570 4972 1418 4447 1203 1142 1214 1349 737 437 4668
3680 123 850 4295 1266 391 2092 4263 4252 2376 2084 3428 1908 3053 2922 3652 3134 3619 3623 3556
