3547 4664 280 1751 981 3045 3556 3218 4615 2369 4872 4319 4525 2863 4415 1653 1012 2393 4850 2786
3438 1993 971 2053 4011 1342 4376 3965 1401 4626 537 180 264 2941 1093 1530 2193 602 2061 3086
4206 4753 938 4276 1709 985 4086 1948 4702 2031 3553 3167 3372 1346 615 2642 2844 3727 1045 1253
817 443 751 4672 4214 4213 1349 447 2030 1660 1556 2848 4511 4127 1088 2474 1465 3879 203 1862
1845 3022 4263 1132 1346 3223 1830 2391 969 2405 4446 2048 2191 4185 3059 3053 4522 3054 4651 4071
3404 4672 2435 4249 1132 4065 2073 4879 2119 632 2384 4042 2219 3332 49 4199 1233 737 4389 2074
693 4263 147 4512 4855 2786 3053 1027 2600 446 3809 2447 588 831 4066 4209 4798 3053 3092 4736
1492 3611 3146 397 1987 941 4415 1784 3651 871 3053 3965 2446 1582 3549 4102 15 1453 4012 4095
4134 2074 2112 4263 439 2191 1929 4743 2727 1797 3297 2774 1093 335 3297 3190 2074 4369 645 2049
1484 342 1523 3830 3701 1413 1088 3158 2742 165 3250 811 4670 3557 1667 1776 4012 1325 4231 4565
782 3134 2611 987 3957 4855 3053 3451 1417 2803 4606 4880 3677 4003 2124 2049 776 2928 690 2713
4425 2315 1278 3938 3224 841 3408 3509 4144 1632 816 3610 2030 4838 1142 4144 3669 4176 1269 1089
3009 1947 1023 1346 740 102 4270 610 2890 4928 3813 4490 2696 4537 2834 2572 65 1643 2945 682
1892 2922 3553 4052 4959 2786 2191 3608 4348 436 1947 1690 1041 1041 3223 2259 1479 1638 3949 720
4769 2611 1140 3097 112 4276 122 4855 1471 4909 1689 4012 2611 4089 1582 1608 1637 3024 4197 4504
435 3286 357 4655 4515 4333 260 1653 1689 4218 651 2699 3691 1346 4071 3813 3097 2087 4318 2393
4696 4243 4775 4649 4185 3661 1326 726 4619 15 4465 1582 516 2131 1309 4784 656 3557 165 1690
1913 4012 1821 4941 2356 474 4205 2898 1568 4941 1781 2471 4378 1321 897 698 618 296 3019 3939
4093 1287 305 2613 2061 1386 2007 441 4855 3215 3707 1667 3259 522 4141 91 1083 2031 2640 1891
437 2935 2553 1891 486 1432 1172 740 4512 3958 2543 1012 4032 437 527 350 2760 4113 3482 136
4411 4891 1837 1627 537 2306 3146 1653 3218 2862 392 879 293 1749 1452 1962 4994 956 3946 1941
633 4462 645 2727 1813 2394 54 1000 1328 3263 2611 925 3053 3053 4849 2611 2788 1667 4736 3110
602 2191 886 3378 3372 1346 2446 1040 1754 298 1139 3647 3871 4263 1453 2323 2945 113 776 185
557 188 4672 40 1140 1851 4847 593 4594 1346 1418 865 3612 4669 1040 723 1667 4941 1198 3223
3212 3339 3582 4412 2200 2849 1088 2790 165 3939 3053 366 602 1346 1205 939 892 4911 3355 2191
3790 501 2786 530 2611 2609 3790 3790 4565 4873 1005 1325 1300 2788 2315 1918 1041 3053 4415 1325
2992 781 3959 3813 4891 2131 2357 1003 1487 4275 1485 2529 704 1458 4125 105 2408 1364 4596 4865
4851 3967 4442 821 3897 2634 4698 793 2569 75 4078 4668 692 4668 4033 4843 3790 560 4379 1760
2318 1287 2459 146 2922 286 2963 2074 1109 4276 1789 1166 3798 3312 463 2257 4871 720 1858 1818
2498 103 704 2295 1885 344 2083 2633 1667 704 4714 2191 3494 2838 2178 75 1508 4879 4891 1726
2992 3097 562 4531 562 501 4071 2040 4817 1427 2465 2854 593 379 698 439 1793 584 4672 4855
4206 732 4507 786 2087 4913 1098 2249 2415 3670 767 3045 15 4592 602 1892 1328 2131 3756 2856
4334 2074 2074 2074 2074 1550 4086 874 1559 879 4319 3273 2450 2552 4372 1226 989 964 2879 3830
4506 4052 1645 4596 2611 3609 94 3303 4415 2031 4471 4389 3752 4851 234 1836 36 4114 1441 3181
1674 1582 2699 4908 535 1098 704 1726 3635 2393 4305 273 119 941 2599 1592 405 1839 3674 3751
4495 2402 1537 1674 1588 3321 466 4974 2005 1748 4205 3760 588 3678 3053 1818 1252 3223 3884 1782
3826 0 4492 602 2308 2257 1748 947 4698 1667 1321 4670 1347 2191 273 3557 1757 2611 2727 1885
3908 1912 780 2030 486 2776 2392 1960 263 3678 4252 3958 3327 2294 3241 777 2863 3154 1312 1346
175 3153 3096 527 4776 2394 2556 1885 3703 2939 3022 364 2827 3790 610 3059 3053 3065 1232 4389
3162 3796 3758 4565 2827 1881 379 716 2748 1837 535 4543 3682 2133 2393 2176 4670 275 4492 2749
3908 3099 2822 2414 1005 387 1961 4250 1421 3053 2827 4184 2578 858 1203 3602 2236 1249 3860 2528
3306 767 1112 4960 2072 4215 3586 181 1531 1333 1405 1493 1723 1088 2914 704 742 3670 2393 441
986 3530 2865 2790 2155 1800 204 2481 3685 127 2484 1974 2674 1659 4817 3570 1395 1128 4737 3045
1891 505 1249 4446 4127 149 1347 2191 3378 1465 3547 4252 2552 4994 4956 960 1142 2678 1663 3994
562 2642 3663 1075 3328 30 3496 2546 2280 4829 2963 2976 1726 2133 4469 144 4891 4483 2338 4960
4097 1375 3760 4751 3670 1439 3211 2775 2074 3550 3134 780 896 294 474 466 3420 3383 4672 902
3908 3019 3928 4672 602 407 2415 1323 4769 3996 3081 435 3556 437 4307 1837 3187 432 4199 2564
3218 4619 341 136 2586 1600 3117 1045 1709 698 2377 2747 1942 889 3607 2033 2061 437 3289 393
1075 2191 4631 1635 1083 4313 557 1837 2408 3252 387 4101 222 3982 3724 3826 4574 1767 4526 232
2494 4313 41 4405 3958 174 1314 1918 2036 1040 972 1058 521 1043 4896 42 871 1041 4452 2391
1153 889 1647 41 981 3411 3852 704 3927 3208 2775 1956 490 3790 1925 1155 868 2827 3236 2030
2602 2191 2446 780 1918 2727 2246 4957 4618 203 3561 3525 3380 2993 3765 2408 4034 1300 602 535
3772 4827 1627 3760 4751 3262 2298 166 260 1132 1837 1627 3556 3990 4369 3521 4993 2414 474 1363
2250 1837 1674 1627 4855 4802 3189 3109 2552 981 2074 2074 2045 2987 2858 3678 1128 1756 4827 1041
2338 3936 1264 3520 704 2400 438 1549 507 1176 1969 2007 4407 3496 1663 2137 2203 4289 4605 1337
4850 675 1142 1002 4529 748 1109 1913 4263 4876 3186 2109 980 4379 2696 4484 602 438 1653 965
1566 3920 2860 3011 1569 2928 3401 4415 1349 450 2521 882 2408 1793 4131 1451 2074 2895 798 1199
1066 2802 4670 3268 3734 4035 4629 3977 2125 3043 4372 3130 2176 4597 2191 2257 644 1987 2977 3022
4071 4493 4667 2774 941 864 2586 4142 2973 602 4953 1397 3840 4295 1212 1346 22 4670 3989 94
1643 1740 1045 2086 3465 1715 1294 4319 4542 4314 4332 3557 4113 1334 4874 2693 4122 1088 3611 1509
2031 422 4531 2349 3981 1508 2498 3414 3384 404 1957 3212 781 4507 1203 1906 2521 4327 549 1719
1469 2385 1235 3017 3022 2418 241 439 1750 2962 3405 490 4562 3746 4438 2594 4231 4131 3628 1296
3946 4759 2288 1356 777 4970 2302 963 3621 3236 2774 2602 3852 2727 1667 663 4670 3201 3076 995
4086 3006 269 3586 2131 2268 1864 2139 2477 2731 320 2453 3341 2482 1653 2753 1596 3388 1920 2512
