3908 2922 4415 3302 3959 2611 2102 3852 3647 3586 3045 4452 4276 2139 2446 3674 56 1837 4415 2922
1635 3673 676 1731 223 3769 1259 2780 1659 2280 3678 4879 1418 276 2191 896 896 1818 1005 1136
1814 3945 2611 2164 4289 2903 4879 3457 4424 2311 3908 3158 4209 1345 2854 342 3073 2611 3053 1627
1172 1824 3540 868 1837 811 1076 4936 3496 1421 4668 4089 4855 4311 4941 2993 2179 2132 3843 2191
1672 2468 2191 435 4594 65 1679 1346 2922 2828 644 3739 4080 1767 3689 1763 3256 2129 4086 3428
2579 2897 4504 2074 398 862 885 4649 3611 2884 2528 1821 4426 4670 720 437 1627 4827 4756 2238
1891 2962 3539 4872 486 2528 1076 843 3824 2030 4080 836 3146 4296 4417 4678 4698 3711 4296 1774
4691 2818 1891 895 4966 4313 3341 3989 4442 452 3565 2408 1561 2049 1918 1418 1352 1011 311 315
1040 3017 1418 3363 4342 4908 452 3208 222 3751 2015 685 3651 1885 1203 747 2579 3790 3839 1767
1253 4586 3022 4481 821 3057 1689 4354 2457 1665 4291 74 1833 2704 2299 3383 4504 3611 4517 3791
1075 574 3553 1128 3383 2922 501 2139 1083 4271 3408 3236 3790 4768 323 2408 1663 91 965 1891
3957 1382 2936 1465 2313 2564 1695 4602 831 437 1116 3147 3241 960 1689 704 3525 3939 1328 3892
4080 482 2131 1906 4144 3936 367 2643 3751 661 3337 2007 4817 466 4664 3101 3602 1027 890 1665
806 4263 4097 938 1562 693 4891 3082 4307 15 1088 4855 2417 3847 341 4876 2450 981 3106 1297
4759 4879 728 2053 680 4123 54 3747 3599 4089 1667 4668 4543 3958 742 2178 3045 1556 2323 2191
4263 2799 4446 2015 925 3366 4596 4891 1659 558 4011 3602 125 379 2564 2131 3219 2191 2139 437
3363 2415 908 2432 3004 3619 273 732 4526 3498 938 2719 4231 2873 204 2443 1088 3671 3670 3648
4206 4966 976 2191 1975 112 3769 3117 516 740 4581 3586 4976 2195 4542 1098 3126 3582 1622 4490
3366 4565 1128 4817 2378 13 2049 4247 2727 2706 2611 1235 2074 1098 1885 3582 2633 26 218 4891
323 1667 2381 2884 4598 940 2408 2922 2963 1083 2378 3611 2450 4259 1881 3401 1328 3852 1000 4484
505 3586 3652 3045 727 3181 3557 3652 3045 895 1627 4375 2854 1697 2557 1395 1702 437 466 2191
3820 3134 2399 438 3226 527 527 4798 1325 4956 2564 3293 4523 3408 3878 1129 493 2600 1592 4263
1653 3465 4086 3607 4080 3081 4251 2778 2393 4065 3403 4639 918 4668 2992 2807 4363 4352 3958 145
602 1346 1439 1226 2179 467 2141 28 1572 2450 708 3053 1088 4307 324 3647 1980 2865 2294 2505
4615 3505 834 704 4263 2799 1328 959 3473 4031 3081 165 1346 599 984 1041 1083 2611 2824 698
2082 3496 84 1041 4664 1980 3601 4487 3582 3332 1740 3075 704 3690 1457 2320 3756 4487 821 2255
1366 2789 1262 1310 2408 197 2074 1069 501 357 3241 2482 2131 4803 56 2450 4851 1709 751 806
2341 716 3401 3081 1826 3760 774 365 522 1101 1041 829 3855 2504 3053 1421 2191 1561 1101 3466
2478 486 844 602 879 2272 2057 336 1203 4446 499 1751 2828 4715 3466 197 2087 4305 2191 3669
3081 1757 663 59 817 828 2178 2747 463 4352 1980 2113 2642 1622 4149 437 2678 1703 2793 2611
1690 1973 4551 4682 1726 65 2172 2854 4185 3987 2074 799 816 3227 4259 1336 13 2661 4523 2450
3653 2600 4962 58 1335 4144 1794 3045 1842 54 4597 4734 4333 4459 2893 4417 4537 2139 2191 432
1101 466 2391 3746 149 1203 4565 2450 2482 2308 162 922 1046 2745 4352 1234 4431 1571 4902 1689
2717 2741 2922 121 527 3053 987 2132 2090 3348 1366 3739 4891 811 2176 4668 2221 2827 879 4616
2478 770 4850 732 984 527 885 4263 963 4415 3761 1098 4342 4855 1837 1627 896 593 3927 3927
4080 1506 3669 3684 4779 4203 1083 4813 1308 4098 4754 1622 1458 3912 275 3218 2993 2775 2176 3813
2132 3607 2611 924 1346 1511 4643 3908 2399 4581 2945 2294 4775 1726 1203 2820 1267 704 677 3678
4263 4978 1229 3758 1142 4431 4855 1346 366 2061 4817 4670 1406 3760 1125 2600 4241 2967 559 3478
3130 3236 4342 3141 3852 3189 1347 3685 2482 821 205 704 3378 2753 2102 947 3751 2152 3658 3408
1914 1311 3022 3446 2788 2280 3053 1913 3906 2450 2782 3045 315 963 1338 4594 2475 2552 4598 1242
508 2696 2639 3619 2922 4338 2089 4839 4446 17 112 2472 3053 1199 1342 3050 1142 3401 2191 4941
3366 672 4263 2364 889 4792 2528 2918 3873 1630 693 227 4913 4252 1045 3892 4713 4089 469 2775
2742 1667 3557 2191 162 4743 2611 2773 2998 1170 2396 452 1432 1075 542 1088 862 963 811 3959
3162 3330 4352 2347 315 643 2614 4446 22 2905 3469 0 2031 1891 4375 107 1767 3864 2922 1426
1172 435 1665 1710 4347 2016 4923 2872 3852 1088 4602 486 3306 437 3897 3670 3045 947 4329 4086
1913 1545 1142 2838 1346 75 3970 87 4681 1622 2854 895 4827 4768 341 2191 1465 1154 2829 2308
3938 2481 167 4094 3670 1969 4909 1346 2391 940 4344 2865 4312 1622 4596 1139 296 3670 1261 4920
1844 1689 1627 3465 1780 2350 2640 3053 2288 4619 4012 211 1609 3439 466 4957 3045 25 2408 720
2903 15 4381 761 4012 751 4855 868 2922 2139 4289 3842 2945 3099 1491 4307 4504 4504 4941 2639
4263 2912 2074 821 2631 4504 3045 2566 3494 3139 2482 364 1889 3053 1818 2753 1425 1006 3996 201
1235 1346 4003 569 4718 2105 1268 2608 3977 437 165 13 3876 3494 2208 2812 2772 1692 3053 4522
2579 1665 4404 3133 3551 3790 2880 3934 4052 3401 4896 4960 2344 2775 1689 3557 3496 2084 3241 752
829 3553 1793 2557 2131 4442 4287 1709 4565 3939 2446 2100 2191 4449 294 260 1522 4670 3219 4086
4394 2879 941 3659 4311 3081 88 1889 1550 1087 1346 2132 2433 2292 49 2393 2082 2482 1318 4967
3378 3311 3774 2302 2176 4248 1267 3790 1524 1098 3317 3252 732 1689 2573 2244 167 1537 1098 4716
3804 1913 596 4237 4585 379 3790 1643 4342 1484 2408 2222 3106 4006 953 2444 2594 1818 704 704
1643 2408 1139 3994 602 2087 17 4923 2376 62 3670 4446 2472 1136 2414 3670 1346 2178 4820 4978
3670 123 1187 1676 1310 2191 4781 2139 732 245 1627 1582 4619 1837 2528 661 3045 2642 2150 1172
4259 1126 4058 1465 182 4372 4086 2334 4289 665 4342 2499 4461 2165 117 597 2221 1788 742 1328
340 4035 3332 2191 4252 2031 3059 4623 535 841 3790 2391 4263 446 2074 2552 165 2509 2191 809
4206 2084 3164 166 3830 98 1055 2053 3053 2699 2179 2019 3053 1205 4379 41 3652 3130 4877 4003
3992 4209 4313 3670 1112 3582 4205 1310 2074 3711 2434 4095 3081 3045 2922 3996 3081 248 2439 74
644 2139 4495 4276 2600 3210 966 2402 704 1723 1627 4753 4855 950 3825 3525 690 2993 1622 4415
3224 3822 4970 3743 2821 165 2890 748 450 2890 218 4880 2191 1203 1689 2113 181 4012 2627 112
