77 1041 4855 2611 3053 793 4978 1891 704 4457 4016 4415 4872 3727 4291 1525 2854 4668 3790 385
2528 1147 4276 1083 200 1702 2014 1653 3967 599 723 1090 4909 784 2315 2756 2298 185 4263 2349
1492 4670 4144 4610 4508 2611 2922 2963 4486 947 3760 2309 3508 669 3525 4567 3045 3906 1992 4086
4667 1403 2751 3561 1788 4926 543 4668 2429 936 2727 2263 4532 3670 508 291 4836 4447 2191 2611
2761 843 4100 3105 4993 4495 4276 1083 2178 4214 2564 2049 1720 3818 4987 4005 2735 4338 4508 4325
1203 4185 443 501 4642 2392 4668 2399 665 1214 1667 3053 3053 3053 1199 4086 1891 2674 165 2963
645 2719 2828 3361 2446 3958 761 112 41 1511 2854 1139 2049 2074 2815 42 1208 1568 2824 2815
1561 2949 437 4698 652 1741 4086 2611 2552 595 876 1991 4626 2696 2191 2139 2191 811 1667 4668
2934 1574 1142 776 1632 977 74 437 3053 1150 433 3563 1128 505 4256 1600 2857 2228 1812 1328
3995 4891 15 2528 2191 562 2640 3678 2921 1041 2191 90 3756 3674 558 2408 1519 3415 1247 4080
3357 726 2268 4880 896 1653 4855 3521 1530 376 3332 821 1851 2610 4855 2824 2101 4639 1954 2640
1496 3933 1235 422 2893 3259 1178 1508 4263 3652 3273 67 667 1582 2344 4532 1328 2822 3053 1088
3513 2074 4378 30 1632 4270 2031 2031 4270 501 2858 3670 1047 1321 4071 4314 895 3586 975 4256
4229 749 3969 4948 3586 3019 2611 2770 4506 4487 3494 2450 4740 1961 895 2822 2639 102 2407 3299
3224 3268 328 2191 4168 314 4393 3053 1726 206 4471 3629 2992 977 1994 141 828 149 4372 4149
681 4661 4313 2239 1913 4940 4252 2399 2394 683 895 3927 223 2191 3081 669 2337 4485 1178 3059
2415 4247 3045 535 2334 844 1041 2707 4515 4639 4515 4515 1083 3053 3053 1421 1052 1186 3694 3638
2498 54 605 2388 1674 4360 1491 201 546 2176 1653 3706 2191 1142 2131 478 2779 2298 3586 1868
1954 2102 3222 4987 4352 227 1632 930 3456 3411 315 3549 1793 2133 773 1140 615 26 2609 3678
2280 1308 4978 863 4209 2408 2033 1430 4415 1465 3053 3672 454 3053 4480 4639 2527 1571 4140 120
4206 3139 811 1881 3678 4565 2191 3737 634 1864 2033 4209 821 2393 2954 3958 1653 2119 1774 2356
1075 2208 3105 3734 4634 463 665 1214 2191 4504 28 4032 799 1465 2472 2408 2640 296 3559 4446
419 2102 501 1823 391 1413 3306 379 527 3236 1232 1363 3727 3629 149 987 4046 1430 4086 3652
1203 3437 2369 2905 1970 1974 1432 4588 987 550 2394 1536 3411 309 3539 1503 2435 2298 745 4125
3009 3975 1504 930 2583 1674 4263 1346 365 2922 1627 3635 2393 48 3861 1458 3549 4725 3053 3053
260 1328 3695 1835 215 1426 3751 1328 804 1969 4086 1407 1375 2628 2381 1653 988 2139 3212 1041
602 3465 123 4484 2393 3437 4501 3760 437 678 4941 3647 4077 2905 4756 1608 576 1986 3408 1791
4080 195 3539 1862 123 1913 2776 2457 3236 3482 1328 4315 2826 1689 1565 4475 2593 2912 77 248
4817 4930 4891 3790 4876 947 3242 4089 2505 165 3444 3678 4168 1608 1067 3306 3939 201 3241 3186
3546 1076 2722 2683 3252 1906 4381 693 4263 1309 1346 1232 3494 4523 1426 4011 2884 4999 1439 3843
267 2828 3705 2600 2139 2191 1635 2082 1412 4393 3053 2854 2067 4276 3072 4940 4342 4263 2027 667
3269 4637 100 3465 2786 4089 3404 4913 671 1421 331 4956 4798 4089 3852 2727 3765 232 3891 3958
3908 449 4781 3586 4086 437 3845 2788 2611 1465 2415 2745 3053 2042 4670 3967 1346 1465 3306 4437
4647 4604 1041 1842 1761 372 4879 3552 1308 2209 2088 2191 602 1346 2528 2642 2221 2302 562 704
2905 4670 4987 75 1767 2074 3324 3045 4379 3959 1418 2074 2450 979 3611 850 375 205 245 264
602 1346 1545 3447 3851 4978 1262 3087 2643 824 2522 2415 4090 1692 1878 1667 4855 2874 4352 1659
2424 1561 4933 4872 2909 2439 2564 2393 2827 981 1328 3813 4263 2865 3751 2727 2706 1847 1132 2139
272 2929 2374 3202 1601 4289 1321 3674 3760 376 186 1426 2735 4880 1713 4728 1653 2805 2876 3803
215 1992 3553 4746 3538 155 3631 162 704 4305 1726 1058 2187 4504 3053 3053 4596 3388 2854 2049
4759 2913 1325 3011 4978 2505 2482 2505 2482 4287 441 2818 4957 3045 3852 2922 1076 4086 2921 4352
2300 3670 1386 2037 3908 831 979 28 2570 1656 2398 2238 419 896 3482 1277 1328 3594 2922 2769
3212 704 15 1300 4375 3001 1088 3 1667 3557 602 3277 439 1534 3218 1382 3426 667 2446 838
102 2807 2921 4089 1458 4437 2065 1045 2611 491 1155 1627 2030 4817 2435 284 862 28 3831 2074
2905 3796 419 4209 2826 2779 3404 3164 3311 2962 4034 1627 2238 2118 2238 3053 1659 4751 2139 112
562 90 1112 4489 3813 2257 1486 3751 895 2838 3081 986 4605 3796 2209 1336 4596 486 45 3372
1976 2074 4276 3520 1508 4338 146 4307 2408 1088 2335 3813 2481 1622 296 3908 2294 2131 3852 704
4538 1310 4891 3236 3262 1748 2240 2408 3626 4000 3813 3908 2900 2139 2191 2849 1346 75 275 922
3908 1622 2176 4492 2998 4149 1793 1041 3223 3273 3765 3602 737 3494 1316 1951 4342 2092 4439 3586
4817 4711 4000 1648 2450 436 822 2639 4478 1548 2737 4338 2737 1951 4565 3939 2155 2414 1707 2863
1492 2408 3701 3525 4941 3181 4594 2450 1235 2884 2178 3790 176 2090 3496 1880 1039 1088 123 2396
1632 4776 3852 163 3790 4974 4976 3133 2905 737 4668 300 3241 1891 2049 4941 1848 1012 4897 4214
2327 1965 4160 1755 1643 1323 4572 2450 3537 4149 2498 3130 2992 4276 2963 2860 908 4560 1243 312
486 2344 4978 1426 2867 659 435 3528 4668 4071 2001 404 436 2547 4714 2562 3946 1088 4352 3332
1789 3723 151 324 4903 2942 3958 4559 3146 3938 2294 3413 4154 1653 1027 3938 76 4694 296 473
3958 343 3293 3790 522 4469 4537 1098 3018 704 695 2139 599 4628 4727 1191 950 3705 1689 4366
4759 1723 1194 3590 4313 1214 1044 2074 2074 1582 486 486 811 841 2082 744 1413 587 1321 4718
2733 2191 638 3756 2031 535 1973 3262 1272 806 2137 2343 41 534 1033 3906 4764 3436 4086 981
726 2701 2611 349 4565 2150 899 3610 2517 926 28 3899 3494 3678 3758 4076 3647 3053 3053 474
3825 1055 4052 1235 4877 2482 4214 4906 1242 3388 1627 4601 4565 4086 2543 960 2241 315 437 3855
1040 2164 3022 294 831 2822 811 3223 1338 3053 4167 4089 2125 4401 2133 1883 704 558 364 2696
3908 4506 1643 4890 4072 4154 4672 534 776 102 3899 1726 4511 742 62 2826 3740 2408 8 2191
990 4637 4908 1041 4134 2818 3811 2320 1417 4021 1041 3053 4270 1187 2334 4089 2191 3556 4966 103
474 3852 4913 229 2042 886 365 2922 2828 132 2854 2474 1530 1553 416 751 2640 1147 2782 2133
1791 4415 3852 1027 3749 460 3908 2394 1847 3134 4490 2611 1604 4891 1296 87 2107 3623 4176 4748
