1083 3858 1927 1829 1969 4616 2446 3602 2777 3208 2935 3670 1969 3547 2414 821 2471 4415 1264 2050
3162 1126 57 1079 206 126 1825 1022 4097 4214 1782 2779 2827 527 2408 3557 1627 695 2721 953
3363 1041 3148 887 4333 2171 1643 1349 2363 4478 985 4263 2320 3977 843 1764 2018 4276 999 3707
562 4209 3340 3000 3739 2594 25 1230 3668 1083 4820 1101 1837 30 2450 2131 170 2074 2331 4394
4854 3053 1818 3752 2408 2921 4263 4504 3130 4086 2699 4594 2506 2420 4779 273 2268 2890 1208 2074
3933 2119 270 3773 3007 3586 4401 1663 4089 3790 4711 1950 2719 48 2360 4068 4823 3570 2472 4597
270 508 899 2611 1604 3053 3053 3053 618 3053 1726 1653 474 3852 4385 1885 694 688 1749 2238
4495 2246 2399 2191 1556 3982 3894 157 1471 1572 4855 4315 1667 42 2827 2079 2408 704 1187 1328
453 2805 1617 1147 3989 2975 237 4255 3457 669 2922 4318 219 879 2921 3717 2449 558 2294 4529
602 4311 4259 611 3855 4487 2393 4248 817 1774 2802 27 2238 4287 1980 3557 3866 201 1465 2304
3212 817 1968 3906 4941 54 4032 2315 1627 3845 3927 2415 474 2450 419 947 412 4090 649 2540
1820 4891 4044 2945 1667 2640 3958 1124 1067 2129 1675 1484 2246 4594 4522 4891 112 2957 3790 1041
4237 2640 2285 1751 4348 2402 1310 1349 1947 1582 4827 1427 4441 3678 1232 545 4912 3958 4972 1868
175 2057 3332 1681 4071 1344 3790 3678 720 4670 2564 2408 4565 3586 720 4772 4011 4827 112 4664
1653 2735 2320 4565 2191 841 486 2344 3106 1885 438 2273 3401 1667 535 2376 2111 3223 546 437
3363 704 3586 166 789 4967 3465 4325 4342 1142 1653 704 3582 4841 1321 1075 3758 1627 4805 1308
1709 3871 2074 4267 4580 1083 3884 1426 4086 2639 3279 35 2049 4086 1076 1132 1635 3678 3672 2111
4711 1194 4827 1976 3081 1653 1722 3582 4941 2993 2168 3330 1689 4333 724 1622 3053 432 1382 4849
441 3053 3647 667 3053 1159 364 2640 2090 3806 2611 1326 2268 3690 799 3791 210 1788 2105 3796
2307 2191 397 1962 4044 2828 2900 3405 4089 3739 4728 515 3958 2916 1609 4032 2528 2779 243 3714
1235 1864 593 698 667 2639 595 2057 1985 3194 1837 776 1530 3053 3607 3982 746 4243 1322 1627
3989 1381 2962 1142 2271 50 806 2509 4891 1047 710 13 4149 4564 452 1627 1643 2360 28 862
2603 3494 831 2074 3301 2191 3647 2849 2898 3667 1342 1346 4342 4598 3413 2944 1088 1234 2611 3053
146 478 508 381 850 4957 599 2294 1301 2115 335 2074 2860 4131 2302 1417 3626 2191 1088 3670
602 2578 28 934 15 1088 3939 2824 33 4489 1700 1132 4680 479 3494 1041 4012 4393 2285 375
782 474 28 1627 2031 4800 1142 3806 125 2528 1194 114 1490 3900 4446 1653 4862 4529 1465 1627
2682 1561 1046 4668 3678 4817 1328 4711 602 593 15 3277 4086 1088 3939 2031 2360 3683 2074 1858
3908 3241 3765 4537 4543 590 1851 1918 2596 2481 2191 751 4526 3756 4664 3986 3756 2191 294 4725
105 3031 2030 4205 4836 2393 3414 4897 3279 4817 1133 2139 3723 1439 2393 3806 2527 3401 4372 214
3653 2155 42 2482 1891 1653 987 1138 3053 1203 3977 15 3852 1659 2191 2033 2191 963 1734 4240
3908 3019 1709 2399 4987 1707 1373 474 1703 4702 3520 87 1820 2489 3701 3525 2429 4338 3848 3496
2559 3076 3611 1653 3714 1947 2407 1703 1328 315 1328 112 2391 3293 4263 1088 2272 3186 950 1334
3908 3790 3167 942 599 3934 4437 453 13 2912 3907 4287 1203 3073 2922 4891 3967 474 4560 1386
4817 232 2087 1788 3215 4565 3408 1269 1667 1731 3958 4672 4089 1789 2082 740 877 4891 2331 1695
2111 4214 3549 2191 2611 2118 3654 1818 767 1011 1565 2191 4089 141 2629 2152 1286 3906 2326 2903
3610 419 1507 3709 4709 437 1328 1486 2226 1127 1458 1328 2393 3938 4426 2323 3037 1335 2993 2890
4259 3212 28 4829 828 2584 4370 799 2215 2611 4342 3082 2993 602 1814 1045 4379 3403 433 3332
3908 704 3084 2418 119 4686 977 4269 4263 836 1178 1496 3053 1088 2191 3647 667 1872 425 1456
3212 3372 4753 1627 4987 882 486 622 474 3563 4218 2518 4042 1582 1194 48 1072 437 2086 2326
1560 2752 2428 4383 3126 2481 4086 2642 1643 1338 1419 116 4775 4605 3811 2415 1346 4086 963 1837
1030 0 474 942 102 771 3845 364 3952 441 4537 1970 4487 1782 950 535 1458 1604 4333 940
1561 3451 1041 2077 4125 365 4312 1511 3045 1692 3053 1659 2611 4669 328 2719 3082 4382 4987 779
2131 4415 2532 1363 595 2481 3180 4495 602 1328 3511 1929 2828 3527 535 2191 2699 2611 4515 232
4412 2640 4485 1590 3146 3813 4852 4079 1788 187 1881 3030 2349 294 4287 2191 1910 3081 655 2521
3610 734 2050 439 751 4851 1090 705 4490 2244 3130 4214 4649 127 830 3470 4462 836 2634 2814
1808 947 895 1090 831 4934 203 4052 3228 3119 4214 2369 2155 1328 1089 4086 3125 4270 4069 2611
1891 1891 2961 3586 474 2611 2139 1083 2564 4239 3790 1294 2129 2639 2074 2673 4538 2594 2132 3050
3404 2963 3707 3607 1920 2843 1268 1221 831 3288 273 2865 286 3553 1689 1465 2139 2775 1041 4725
4014 4005 3332 2191 1492 463 1661 3959 1532 4940 2611 107 3565 4836 1767 260 4127 1080 4789 981
486 4086 251 3022 3760 3685 193 3773 2057 450 4678 3218 4425 2673 2132 661 1609 1150 1489 1693
3218 3092 4745 3053 3727 4315 3990 1453 4426 530 1328 562 1328 874 441 4817 985 2435 473 1446
1797 1660 2052 2176 3771 1731 4480 2890 2640 1081 2378 439 437 2344 3840 2408 2512 4978 1033 2030
3603 4798 1346 3704 4338 1637 1791 4125 3586 232 1643 1470 41 4894 3019 2854 4859 1655 868 1234
4071 2264 3224 572 1962 4122 15 1286 1556 2264 3695 141 15 1349 4914 3348 3026 4581 2639 3301
4604 3045 1178 2191 2294 3236 496 4086 33 3241 4754 2609 3965 4586 4694 4149 773 4379 1140 2087
1075 4289 1426 3693 2780 1328 2560 2993 2783 3790 3364 849 2415 376 2810 863 2935 842 2723 4512
811 942 4282 4331 394 877 1321 4147 3181 806 177 3908 105 963 3968 3045 4278 2054 1378 595
1030 376 4462 4565 1069 3748 2176 820 2408 28 2481 1878 3146 2126 2298 1604 2057 3952 2167 1328
508 304 4627 3794 4711 564 1128 4798 174 2391 1622 4614 4495 4353 2191 2393 4134 774 2642 1002
4817 4342 4831 3022 4289 4605 434 3022 3053 1841 2096 30 4827 1561 4532 3465 1413 4228 2611 3756
729 2323 1045 2308 1571 1127 1603 272 3231 1139 3586 3758 1344 3573 253 4086 2414 1100 2139 2191
2141 1128 1668 3219 602 2431 31 889 782 2828 3619 1121 3032 4668 1726 2349 3748 4791 4153 1622
766 2450 4817 966 116 2268 3806 4012 2752 474 737 4005 2827 4342 4090 638 269 1033 4934 631
726 2124 777 1667 2827 527 3181 2498 105 4851 817 3408 1268 1726 1962 4149 4564 2031 3786 1083
