3826 4586 828 4350 2317 1885 969 3445 3053 930 1683 2717 2500 2773 1011 298 2399 3678 1155 1476
3847 3751 180 2415 204 954 1011 3611 2050 1731 4855 1577 4876 3789 1011 3565 4487 1455 2450 3715
1075 2856 3847 2347 4779 2804 4490 1661 3913 2305 3341 2317 806 4861 3085 869 1470 4313 720 704
4546 2271 123 2981 1176 1183 2935 2640 3408 280 2296 1550 165 1891 1565 2408 2564 1395 4285 4891
3051 391 1342 3541 2092 3813 3236 831 4523 2246 4427 515 1234 377 2982 3900 541 1242 748 1214
1789 3019 1525 474 4855 68 3200 4985 2298 2292 102 3139 1311 3556 2406 2557 2131 466 4487 2191
562 1308 3852 2294 3236 486 1708 2611 4076 3977 2963 2639 3779 3535 1813 4097 3202 3079 3045 850
602 1709 908 357 4185 3306 2191 1874 653 1999 3756 3586 4604 3241 3212 4255 3045 2450 91 970
2146 2178 4342 4394 1328 2294 4039 3465 1112 918 3638 2131 4582 3236 527 4338 2735 1743 1171 3582
4517 860 1287 2777 2921 2727 1147 1325 4180 1098 1548 4565 408 3944 3892 4827 1147 3669 562 4896
4080 3933 2294 2131 2696 4314 2415 4080 2139 2547 3236 1185 3674 4501 1112 908 251 831 2250 3722
1653 4010 1840 960 3019 3674 3222 1346 1780 3043 4287 4289 2520 527 3236 1088 4353 2285 4495 3580
2962 2238 2105 3683 2611 3939 4270 2638 2504 4333 1604 3774 4962 2030 4674 3494 4086 4185 3958 3557
3212 4931 2827 1784 732 740 437 1857 2280 3212 4338 4487 3670 141 4467 4379 2239 3181 3525 4325
3435 4159 4934 1653 3611 3906 260 26 3045 895 4290 2779 3906 4606 3277 3936 4698 911 219 2294
2489 1709 188 3081 1503 4421 33 595 28 1041 2256 2893 2141 4670 4312 3586 2007 742 2600 3566
2444 593 618 1293 4205 3674 1627 3496 155 4071 4276 1643 776 2294 4092 1320 3911 4344 189 2360
3130 2815 1432 705 4827 1693 1367 4438 4515 1328 4698 4714 3231 2446 3908 4829 897 2220 3582 1269
811 2786 2495 4670 3851 2716 2101 2865 2789 3670 1476 753 4660 2399 1711 3571 248 645 1041 1234
4500 3401 1041 1126 3212 2208 595 4501 2133 4259 3556 2595 3982 4751 922 2993 2854 3042 4718 1653
3509 2632 1653 2482 4668 4058 1627 4686 4798 3109 4859 3958 4697 1235 486 4381 4817 1041 2950 860
1397 2414 2320 2268 2393 1891 1166 814 3607 349 1847 2963 4907 2918 1409 1235 1844 3022 525 2378
175 3744 1643 3965 437 1780 4941 3557 273 2255 2564 4151 3920 3908 732 4352 4353 1312 667 4078
1808 4338 4263 2912 195 3058 4231 593 140 3670 782 885 1098 4342 2391 3818 3045 3494 1310 482
726 3534 1002 1041 641 4415 2074 4989 2280 2450 3415 4438 3415 1804 3606 1247 2111 610 1441 2049
2717 842 3806 4672 2288 2860 3141 2376 771 3053 2518 1205 2408 1041 2249 4558 1865 3054 3927 4727
453 260 570 4734 112 4263 4941 2323 1199 1889 727 3827 1492 3701 1571 1191 4957 404 1421 3065
1315 2762 882 2191 1600 2087 811 747 112 1726 4452 141 2611 4438 4542 831 4131 1432 3516 1308
3847 4124 2968 4649 3429 2611 341 1141 4756 30 2426 3977 2264 15 4285 1366 3408 4237 2993 602
3162 4817 4102 2194 1413 1973 4546 474 3852 1308 618 809 761 4344 2697 2739 2572 879 2579 457
3184 1526 4240 822 112 3108 893 4892 1740 1156 593 1270 3611 2042 3751 15 1548 522 1382 1294
2423 3301 3598 2496 2221 2602 3557 669 2393 2280 3852 252 4352 3683 3557 4972 821 2874 2626 737
4102 3644 4353 4270 3053 1548 4522 3134 3006 2498 2611 3109 4860 691 3357 1041 1041 1110 497 3674
4691 721 2642 1328 3279 2726 605 125 2999 941 4209 4967 4404 2435 4276 4639 2074 407 3208 2727
3852 1328 4891 1957 4394 656 1864 3845 1692 969 520 2781 3494 1830 2950 693 4004 796 3525 13
1913 1709 2668 3383 2238 3505 3045 1231 781 545 2672 1211 1142 1653 2393 723 174 4862 2727 3139
811 4289 112 166 3498 1848 3737 4587 3562 1708 1376 4626 1818 704 1069 1139 4974 2450 2699 1604
4086 2918 405 956 1478 1277 260 1726 2469 4069 2611 3960 2657 508 4080 3126 3843 113 1294 1357
3218 3022 4681 1701 3344 440 2131 4899 2508 2626 1840 645 4861 940 439 1782 1083 4282 2148 2294
3586 4333 3006 695 4511 704 2922 1625 1203 422 4957 1465 2049 2408 4081 780 1571 4378 814 3014
50 4357 1625 1086 72 454 1184 2220 2527 1328 1622 3408 2331 1782 1149 1371 520 1929 3416 1820
136 3053 48 4587 1088 4530 4403 2074 4957 1522 4763 726 4231 15 558 2611 4304 2611 289 3455
693 1041 4077 3742 117 2838 4952 1749 877 3053 4511 925 2818 4604 1834 42 3004 4827 2922 1643
2250 945 2963 1767 1667 397 1208 2061 4967 704 4316 941 1601 3847 631 437 4994 906 1592 1942
4628 3588 4115 1726 3045 1793 1460 229 1147 3688 989 4315 3059 2139 3139 4855 3804 2238 4426 2414
3825 2884 4010 437 708 2600 1582 3222 732 3647 4427 934 208 1818 2993 2450 4779 4144 3057 4517
4832 3758 3790 1337 3820 2030 3262 829 2050 918 497 1734 2554 280 4537 3787 1635 1950 3833 1178
3863 4892 885 4399 2030 486 3354 1709 2547 4378 2031 4381 1041 3301 3240 62 2824 960 2061 1993
2640 1142 302 499 4382 4438 3751 2164 1774 141 1622 4621 105 1660 3262 440 4211 3573 2298 2663
3484 2782 1696 1627 2505 22 3091 4267 136 4480 2611 3133 4865 3045 3465 2852 1356 2090 1088 4403
2727 1987 727 708 1839 437 2029 1931 639 2132 1300 2087 4144 386 1986 3765 4836 3906 3958 193
4206 42 4650 4626 811 4089 2842 4624 248 3525 2208 264 3743 732 732 2220 141 3542 3939 294
3162 2922 4978 4891 4978 2414 1704 4459 4157 474 3678 3445 879 2244 2978 2191 169 1347 669 2079
2300 878 4505 2176 4252 3908 1980 3549 3493 1839 4507 2450 1418 1885 811 2155 2611 4481 2474 628
4263 1413 1466 1631 2967 3134 1449 4797 4398 4484 2191 2611 962 4076 3751 3697 3422 3048 2280 3053
2827 4882 4184 4978 667 474 2865 1253 1219 2640 3749 2446 4891 3236 2246 4086 2849 3577 831 2904
2257 3796 3586 610 1268 562 4602 123 3610 3505 1088 1047 2824 2474 4276 4329 2255 3172 102 595
4993 15 1346 361 2295 4504 2579 185 123 1531 3291 3845 3878 2924 3502 737 2030 3908 437 3043
3847 3674 3530 3561 2074 3105 3276 2298 4289 1098 2004 2611 3790 1235 3908 3678 1726 3228 13 3705
3908 4891 3739 3004 4725 42 2249 4259 2435 2963 2290 1622 2087 2049 2074 226 2600 26 956 1667
170 2294 3301 2860 708 3751 1537 4480 3496 397 602 1970 3989 4004 4480 4288 3350 2109 1522 831
3212 1270 123 527 2399 1235 4276 489 4948 195 4565 878 1486 4328 271 4590 2654 2481 113 2191
970 2950 660 4563 516 41 3212 1474 716 4890 3749 663 4798 4319 4315 2499 3409 2264 2176 4515
3670 3760 1767 437 515 2295 2030 987 644 1064 4086 558 4891 4978 4478 2639 357 4580 3705 551
