3847 3738 3364 4587 959 364 4230 3146 2101 4467 1124 1813 3156 1310 642 602 986 3045 4711 41
2257 909 3852 3960 1622 3053 3053 2049 3241 439 1667 3557 3590 2320 897 2927 1083 530 248 2999
599 3617 4415 2922 3610 1321 4003 437 3751 4551 2616 1980 46 4287 1840 2205 3556 2191 2393 1268
4817 4670 2500 3607 1777 4991 1142 437 1962 3293 1861 1346 3218 2415 1346 2132 938 3586 114 62
4206 3465 2229 2904 4575 4056 771 4209 1655 4798 1667 1841 2534 2639 938 3939 1342 91 3307 3952
2054 1913 2786 3892 4836 1804 3339 3826 2271 4664 3586 1610 3607 1519 3798 291 4176 3404 3408 3712
3230 4736 2528 3865 4270 984 1041 4209 1439 1465 4276 486 2036 3908 2139 4817 1335 4718 1324 3678
4613 366 446 1483 1679 1969 1208 3892 3892 2344 4382 1033 3758 2408 2615 3670 4718 981 628 2993
486 2081 4249 726 1980 802 2084 963 2450 4817 466 3756 4851 2139 3908 1813 2246 3401 4891 4626
3908 2489 2572 2408 2512 2499 1058 4855 1115 4050 2922 4446 1102 1199 2446 2074 2459 564 4333 3993
4226 4736 3858 3302 4500 2786 4352 4714 3231 2234 3332 4990 1848 2827 1272 2782 4486 2446 826 1395
2136 3743 1223 1486 4575 2840 1142 2176 1653 4086 3860 2246 112 3682 3136 2276 2963 4406 3411 1590
886 2938 1177 3586 1757 1627 525 262 3882 1217 49 4199 732 2376 1956 2223 744 3958 1749 2741
3908 3586 602 3006 159 704 1749 4086 2294 3014 4851 1988 2131 1823 2615 4626 2640 1232 2408 2414
2679 2922 2828 2818 3960 2905 1426 3908 545 2789 2530 3496 425 2863 3811 2111 452 1653 2113 260
4759 1373 1142 1228 2376 3758 2640 4751 831 3215 850 1784 2257 336 1212 2030 1083 670 4032 4827
1713 3779 4565 1878 2049 4507 436 2450 1249 2294 882 3776 4826 49 3670 3045 474 2131 4664 3595
602 831 2935 2176 3958 2863 2414 272 1325 1040 1757 2399 3820 2877 2176 4338 4213 3404 62 2589
2191 3521 844 704 4144 898 4668 140 1375 4813 618 3251 3582 3758 3053 3811 4629 1535 2399 1342
4680 4088 394 2393 429 2220 4586 360 2178 811 438 2922 2828 3737 3466 3292 4678 4759 4994 4072
4817 1041 3053 2031 3190 4776 2131 3677 2470 4149 3525 1142 2849 4694 61 4263 3751 1320 2727 1088
3130 4263 437 4131 3775 4757 2408 1405 3562 1136 4994 3236 1679 2600 620 1837 530 2666 593 2271
4168 1569 1711 501 2512 3965 3236 4672 4596 3727 491 879 1573 850 985 229 4352 15 2420 2092
2450 1532 1142 1709 3958 1667 4565 3341 1157 3858 4342 466 1920 3945 2191 2849 4596 4941 2667 3658
3075 3553 3242 1950 3366 3404 1409 2824 397 3015 4803 2504 4415 3790 1627 3790 1041 879 2271 2364
4260 2611 704 3796 273 4851 1325 3968 2472 1083 2894 2391 2292 4094 4279 3669 1723 1041 879 2070
1235 1217 148 1689 550 2457 4817 3796 24 3045 2667 1681 674 1328 1788 751 2428 4378 1155 1328
28 3905 4711 602 4912 960 1088 2827 2213 1289 1367 2671 2243 2767 4817 2640 4076 2139 1892 1498
105 3952 3586 4071 3502 1726 602 3045 3448 3790 3201 1889 2435 2116 3502 599 275 2719 4144 3357
1561 527 2408 4337 3330 248 1667 3053 374 2030 1328 3130 3038 4375 4319 2171 2703 2611 820 704
3368 2294 2552 1775 3986 2176 2191 2294 2050 4403 2778 1653 822 3962 177 486 3674 1486 3989 2504
3272 3670 2415 1346 1784 2391 737 2131 1837 4125 862 595 3494 4263 3366 4586 4097 1975 2610 4446
2082 3647 4004 1203 4890 4372 4086 545 3158 2308 3208 358 107 3222 3758 2090 3617 1891 3994 4668
811 4529 4691 3408 3991 2324 4817 2922 4581 4597 4255 1453 2844 3141 704 2139 3607 1592 486 1891
4817 1099 1079 1141 3045 2393 4446 3052 828 3415 4707 112 4044 1689 2815 422 1811 4435 2408 1072
1395 3236 2030 2327 3221 1434 691 1459 7 4369 227 2399 1704 3053 4357 4344 3853 2435 4523 1622
4495 3813 1709 4891 2304 2408 2176 3610 4086 1891 3552 987 4718 437 1235 704 3701 4960 4586 3939
453 4289 1830 820 3134 3053 4184 75 1128 4855 174 3611 3022 3215 4830 2420 572 4817 1726 2221
3404 2056 4184 4378 4086 1067 2238 4364 3236 3053 3635 280 1041 2191 1203 2176 488 3353 2446 1454
3378 3022 2922 2843 2807 171 2031 2540 1308 2600 3790 2936 2667 4855 2288 2922 1627 2305 2297 1982
3677 871 4209 4668 275 1460 2318 4952 4725 1476 4231 1726 1040 398 1951 3811 3813 3920 2778 4492
1030 4342 2092 1830 2361 2663 2102 3133 248 3453 2391 2045 4270 583 2581 1088 1285 4504 4817 1885
2191 2922 2139 2468 2633 1088 1317 3651 1754 3816 1397 516 3045 4616 850 4417 4913 969 821 4365
2257 2450 4042 4098 366 3252 4394 3831 3159 1109 836 4742 2131 2950 3773 1234 463 4299 1531 4309
2640 2528 2823 1187 3139 4655 2063 704 3852 1308 2450 2313 4560 3608 643 1895 4097 4876 1622 4817
1706 2480 602 767 1885 357 2905 315 3758 2042 2905 2922 1625 2033 4168 102 1627 942 490 4052
1235 3982 287 2300 2865 821 599 3817 166 2191 2050 1667 4565 2498 1088 1957 3045 3852 1199 3908
2310 1476 3492 1112 2605 1098 1454 4691 722 4357 733 1142 4672 2361 3357 3727 1840 4565 2805 4855
1837 793 4855 490 4357 3610 4523 2082 1655 981 3717 315 2911 2774 3670 4876 3295 2250 2357 3682
1083 914 3477 1328 486 3033 1522 341 2624 381 879 3053 2246 2294 155 3840 2442 518 2220 2945
3363 2609 2874 3758 3494 2294 2638 2292 868 1321 3556 1941 922 2596 1969 4737 1336 2632 4855 3252
4272 2611 2611 3407 377 4994 166 1441 2100 828 3053 432 728 3525 1733 4086 1689 2191 4737 3908
2905 1653 2611 3934 229 4847 1927 4626 2015 3225 1194 1578 4987 1139 1686 1511 2415 1346 3339 1094
4411 2993 4279 123 3475 2818 463 1653 4994 2192 1235 229 2905 95 437 407 1035 2640 3636 94
4286 15 2512 942 3133 1913 4563 2633 405 4115 1627 3929 1089 3899 3752 645 4725 2897 3413 2119
4526 2726 3521 947 432 1504 125 166 632 2393 486 2393 1969 4205 4195 422 2494 4333 4137 2775
3908 75 3130 2435 2139 2137 4382 2030 3908 1076 4626 704 2954 4141 3611 99 4263 3182 2084 1431
3053 3053 788 849 1418 3996 1492 1748 4279 2191 4093 2238 3072 2632 1346 2393 2890 4565 1322 3790
869 3045 2786 1342 4469 3297 2290 2455 3006 0 3031 4860 3493 3670 2611 1902 2696 2496 4042 141
602 1346 3045 835 4796 1423 527 3174 3899 520 1788 3164 4841 4634 3053 2110 3852 4978 4342 3401
2191 2176 821 4596 4338 3758 3053 3053 3053 3674 2517 3758 4689 2689 15 3053 3348 429 2074 3409
3148 365 232 373 2890 1679 2090 817 1689 148 3332 1789 3908 4753 1373 1880 1448 4718 2552 1088
3908 1126 2838 1692 4092 4987 2778 91 105 4978 3623 3678 3787 1537 1718 3045 2993 1375 490 3130
2993 3674 3295 1416 2854 962 1608 233 4192 2523 4149 1918 486 4263 204 378 1041 1550 4246 2013
