3212 2408 1675 2810 3586 102 3256 2775 4855 2074 3301 4860 2176 4097 4855 4668 576 2111 13 2041
3414 3068 2683 599 4027 116 4064 2176 4941 4855 4160 4987 3598 1782 837 3404 2963 1029 2129 1913
1397 254 3715 4684 4365 1264 4598 3429 4089 1731 223 3209 4707 3444 4486 4616 1571 2640 4670 1423
3826 3001 397 4228 4252 2294 1507 286 2829 871 4354 1689 3330 4604 1178 3492 248 3053 1627 2814
602 1346 3094 2312 1804 2802 1346 1973 1098 1784 1550 3383 2854 3790 2602 2061 4289 1969 4876 1199
1075 3066 2392 377 2918 2191 4718 2828 1972 3938 1155 1654 4796 41 13 570 3494 1837 3908 4772
782 2298 1511 590 1342 4523 4185 4263 1439 2393 2680 4097 4791 4565 1789 3809 3991 1131 3252 3977
602 1188 61 1245 4123 4412 1405 4492 3105 2280 1885 1338 570 1766 4504 1844 3439 4623 333 1346
1632 4012 2594 4367 3996 3097 2191 1012 349 3407 1300 2191 2157 1689 1484 4564 1447 2993 4877 2079
3908 1709 342 4027 2191 2240 2921 3110 3961 3852 75 4071 3534 2827 4381 3784 108 4149 864 1402
1075 273 2592 3853 2573 3586 644 1601 1608 397 1918 1067 2238 4796 4743 1675 2600 2922 116 4191
3674 422 3827 4670 2085 4114 1145 1604 3678 959 4634 3670 1346 1321 1692 4960 1689 1804 336 1630
3758 1627 2142 4415 1484 4891 704 1224 874 1124 2414 2511 665 3672 1741 4276 2155 1458 2334 1041
2300 4709 3760 827 75 3306 1667 2939 2441 4838 1702 4467 2320 1083 4014 3388 4176 136 1593 294
1046 42 2919 821 2074 278 4312 4535 2191 4781 1531 4751 294 1622 1632 1311 868 2408 4670 2611
2393 15 981 3045 602 3120 15 595 4506 3586 474 2511 3852 4957 1667 3401 1500 4675 4702 1767
4095 1913 41 3790 1511 1183 1375 602 4564 1041 2191 1223 1346 4993 28 593 3141 4480 4538 3124
4759 2385 1726 1375 562 2727 2611 3739 3939 2414 3108 1766 3701 4435 1128 1667 1627 522 807 1498
1067 4978 2828 1354 1465 2030 1198 1924 2439 1072 4941 1897 4786 3355 4438 3237 181 3747 4941 4123
1504 4596 3670 1950 204 4737 2113 908 1659 2611 4411 1331 4209 1821 1128 1891 4672 4086 2218 2408
4865 3355 2191 4861 3336 3635 669 1487 3105 2992 1342 1627 1033 1689 945 2031 3601 530 260 4352
1653 770 4446 4989 2779 1418 1470 3946 2450 4342 1840 602 2033 2191 1338 4680 2176 4523 474 1413
1067 1537 1203 114 811 1667 4565 2482 1507 2827 2391 4446 4957 2191 1889 3053 2271 3607 2485 2298
2385 3670 2132 1645 558 4342 2945 2191 4772 3582 116 2139 2505 3619 2698 2399 1520 1814 1413 4228
4080 669 1409 4492 4164 4829 3934 4061 3830 2191 1664 3082 4358 2220 4751 2521 42 4589 3081 2466
4352 3982 3857 4786 3737 4315 4315 2378 1040 4364 2731 2726 562 2828 3190 3236 90 312 4263 1667
1395 71 3212 737 3813 831 3678 3224 4086 443 936 2031 2748 1106 2090 737 3019 4598 1920 4211
3212 844 365 3760 2611 35 3022 3053 782 1088 4383 1203 379 3996 473 3790 3994 3142 4009 3045
3218 1234 758 3556 1621 1352 986 285 4606 2446 732 2498 781 4097 1689 4437 2294 102 2500 1667
4865 2992 1333 3341 22 3284 4746 2030 486 1126 2044 3465 1417 839 2391 1556 2408 4446 3674 3579
4393 1872 2179 2135 3561 2962 4637 3629 2195 4407 3228 2111 4941 3502 2450 2782 3619 439 1789 3790
4093 3294 1743 1040 2191 704 4093 3583 3900 2394 1369 4638 2860 3236 1627 4076 2139 576 3740 3022
2191 4375 419 3670 4171 1531 3557 4602 3389 3212 116 3045 4123 4725 798 2993 3758 3053 1088 4507
568 3479 181 829 1203 1627 31 3749 496 4276 1083 3594 882 4315 1155 4123 2068 1142 1891 4594
175 1083 1530 1996 1066 2509 2344 1531 4276 4012 1837 1194 656 644 868 3557 3590 377 636 1265
2505 2269 3678 3751 2922 2505 1012 3366 4879 4464 871 204 4501 1918 2009 1719 1891 4074 1830 3796
2478 3505 1875 1131 4855 15 3022 4672 2674 3209 3727 2922 620 1088 693 3678 816 2257 3045 2220
3734 3557 1098 2764 243 2074 2131 4437 3939 3556 3306 1711 1096 2393 2375 2611 1841 2394 3494 182
4747 3586 3851 2962 698 4313 4307 1827 3415 1310 1726 4086 1532 4446 1837 862 3147 2208 4942 2242
1579 3678 219 1346 1088 2191 4908 2723 1425 3073 1382 1862 3449 1906 2611 1041 4565 201 2074 1005
343 4865 2935 4775 3294 831 223 1404 2827 1062 4115 2945 1572 54 1210 1837 4214 3408 4270 328
3908 2220 2993 3557 622 1005 2761 1495 4879 1792 4154 4097 2346 3580 4522 3408 4044 821 1027 4307
3252 4542 698 2828 1088 1632 1294 3996 2505 1484 2246 4205 3908 618 2900 3330 3401 2283 4389 3505
1757 3147 2520 404 2699 4565 590 1364 3854 1653 3045 3190 2178 3335 4352 1741 1465 704 1749 1627
486 1107 704 602 4004 577 1545 4140 1325 3599 3236 4590 2232 1142 3114 439 1821 4092 4089 443
285 4559 123 4978 2838 3081 364 4144 896 1983 2450 1582 961 63 3218 4796 1667 413 4709 4289
2363 2191 425 2414 4736 3667 2061 2681 3690 1862 2528 1604 2294 635 2528 1582 1098 1697 4635 4575
3908 1242 1364 2684 2191 526 4741 3175 4058 4209 4926 922 751 3965 3236 3607 1354 1203 1296 293
1844 562 4756 2993 975 2408 887 11 408 2295 908 843 2063 3525 88 1417 1112 4994 1957 2408
1891 385 2142 2131 3557 2191 486 1813 3613 2294 3851 2381 1864 1698 1692 3678 2191 1164 2090 3110
1788 3060 1891 4817 4394 3505 3045 4994 3826 2194 1064 3409 3806 2303 2972 708 1622 4830 3243 3053
929 1689 2389 4446 512 273 1892 1279 2764 832 1692 4472 3391 2993 3436 2764 486 3908 2921 3223
3908 659 4978 1311 3852 3142 4446 4504 3908 474 2408 13 981 1767 1667 42 1088 4978 2042 4736
4179 1335 4531 2599 3453 3715 3678 3547 1645 3073 4342 1484 3344 2613 2298 693 1891 2233 2414 486
2767 3053 4596 4168 3045 809 4616 3081 4459 981 1767 4446 4286 3038 2360 75 4224 1033 3989 1451
1067 704 978 2650 1837 2528 2271 1748 3623 1234 3181 3193 1182 2203 4016 4987 4228 4805 2727 1891
486 211 4086 2828 560 4100 1970 4522 844 3019 602 3693 2298 1636 742 4914 3466 1170 1328 831
3378 91 4565 4976 3806 3339 3186 1140 4127 3368 2993 4446 229 466 3820 1848 2089 1749 1041 2453
3262 366 1198 981 486 4097 1182 562 1667 4333 3098 123 4035 463 388 2849 4307 2481 1235 2775
4339 1014 3252 2963 1813 3028 4086 2828 737 3411 2139 3751 1622 1458 1328 4851 809 1941 2856 2015
1566 2294 2702 15 1203 4984 4672 1280 2191 3751 102 3139 4086 2414 4641 3678 2191 3241 105 2061
2727 510 3045 3273 1692 748 2063 3710 3749 3494 4263 3852 2922 2828 1651 91 1296 3045 1413 1234
1235 704 929 333 3022 2414 4582 1253 3045 1837 3252 2450 2613 3019 2139 811 2521 4012 144 2126
2176 2640 4239 646 1136 2158 28 1627 4460 799 2566 463 2481 3273 1595 4753 1105 4276 1140 165
