3509 4913 2109 4164 1848 2828 3517 3454 1005 2358 1492 3401 4975 4168 4529 2886 2594 3973 3579 3586
3219 4134 2504 2485 2221 4629 4860 1142 4891 2786 4698 195 1134 3617 4321 3537 1905 2626 2414 3411
599 1813 2696 90 1378 2070 767 1346 1349 385 3952 3186 3094 3236 180 3790 4670 2562 3072 2609
1549 696 704 3798 3465 1211 2061 4326 1503 3291 248 4753 4461 4125 3570 2092 488 501 520 3773
4093 1088 2139 1397 2856 2219 2191 0 2747 474 3791 2921 3557 3326 2860 4391 2652 4613 938 1342
2280 3411 4891 1659 2849 2597 3453 2408 1364 2611 42 1548 2633 4149 2860 694 4594 1476 323 2558
1429 4012 2133 3542 1142 4565 1622 2191 3525 3413 1346 1655 452 4378 1653 602 4929 4855 486 1635
1131 4259 2735 13 2420 437 2113 996 1582 155 2090 2481 3816 987 4342 1562 1294 2573 216 1608
4206 4307 4891 4263 3006 1624 1363 3906 1494 806 1840 2200 3053 364 3053 1308 31 474 497 486
1101 3586 2408 2391 2611 767 3045 1530 3564 4352 1194 4891 1689 1308 3906 293 4296 2528 572 1413
3212 3212 3675 3935 349 3073 3147 3522 4709 15 3023 2191 3001 734 3242 11 162 3656 1203 2631
4206 4287 2284 1569 3138 4461 4601 4565 1294 3813 2331 2778 1176 1531 1837 2061 3262 1719 618 2256
1537 1537 4384 1496 3496 1083 2727 2611 2118 1352 2611 2049 149 4284 1088 3411 3505 1840 3939 2499
1191 821 490 1375 4798 3053 777 3991 1168 1767 1263 2141 349 223 831 2905 1537 3845 4128 2191
811 4383 2528 1334 2408 3045 1565 4115 4342 4827 1821 2191 3181 181 3465 3670 3060 4989 2357 2294
1328 1124 2131 3146 1643 3508 2187 704 3053 3378 4590 1150 2390 2304 780 2415 3167 2191 4372 751
4779 1336 3081 1289 3623 3408 1080 1055 418 3977 3674 4555 2698 2414 3494 2802 0 1005 4495 2564
4226 3387 3885 1921 869 2611 704 2074 2408 3273 2805 550 3574 1074 1636 4668 3022 2415 2450 1881
3368 275 2155 2261 2611 899 4378 4565 260 1069 896 4010 831 1582 1750 415 1531 596 3084 3465
4144 3183 1132 1679 1318 3674 667 3072 294 1556 1492 4670 2238 945 2185 4659 2298 3186 237 2854
204 2812 1862 1494 1426 602 4836 1476 3790 610 4563 1579 3685 1571 508 605 1679 1627 3190 4378
3367 299 4263 555 2890 1753 2721 2074 3119 4342 4623 1830 3611 4352 4594 2087 4672 1627 645 1788
4286 1679 2016 3053 3982 3127 559 3231 112 2963 1784 2293 3610 4517 3390 1770 3053 811 466 669
1066 2914 4185 4379 4338 1126 2424 1158 4042 3751 2257 1328 1600 4050 1627 1243 3014 4694 4575 3767
4855 4140 667 2191 4717 3525 3598 1088 4237 727 4851 1489 4954 4368 3045 3045 3683 3447 3513 1782
2374 4010 3607 831 3638 4068 199 2627 2257 1346 3045 15 505 2977 1139 3408 3775 3045 602 3496
1203 1183 1242 4333 4572 2884 3991 4588 415 1328 4851 2610 749 3908 831 829 1234 4678 3081 4246
1844 1234 4718 4393 981 2176 4011 4252 527 4263 4054 1138 4512 3586 1294 13 2049 1855 466 3756
2036 2450 693 1974 4906 2059 3496 1110 3496 2521 868 2110 1837 776 2322 4580 248 4033 949 2826
3212 1844 3765 2838 2191 1136 1116 2408 397 4507 33 437 364 1914 4007 49 2121 1956 4602 1275
4206 4383 977 237 4255 4123 1154 2874 4859 77 1136 3790 1885 273 3892 1083 2935 453 2775 2413
2208 3378 1278 3004 1136 1413 2111 1918 1347 4718 2498 2945 2963 4896 2854 2302 1166 704 370 4142
2137 486 1126 2950 3045 3678 1571 3045 2877 2111 2698 170 4403 4247 1942 3754 1653 3607 1203 1142
4817 1041 4378 2791 3096 474 1132 165 3608 3237 1700 4694 2992 2817 4817 1906 4195 4149 197 1782
2542 1328 602 3790 4211 1203 2113 1698 184 3053 370 4670 3101 2414 667 2137 593 1157 3564 2399
3912 2500 987 1561 4166 3332 681 489 3557 1436 13 4672 1582 535 1956 2802 1667 3557 2415 963
4603 3588 28 1460 2238 3607 2246 2298 4903 4711 1283 3556 466 2191 1324 335 885 1136 2178 4287
559 335 3401 2780 2774 1178 3434 4855 3215 1041 2322 4504 3611 3328 559 3408 1128 23 1692 3557
2374 50 988 1441 1057 706 1782 1325 3236 3580 1542 3372 344 3146 1679 2377 4938 3682 3045 3670
141 3228 933 4791 1942 2827 1454 3611 2139 1789 3302 978 2674 1918 858 108 2820 1695 535 2613
4286 4342 3647 984 605 1551 2841 393 3748 1741 363 1426 1085 1880 2707 407 3045 275 2025 2191
645 2701 2751 1439 1793 1891 1813 437 953 2912 4465 3638 2298 3383 4086 3607 3711 1375 1153 102
4286 140 2844 1855 1286 1824 42 4276 2844 4269 3851 379 704 2854 3053 4906 1434 2639 3193 1975
439 1139 2178 1426 3709 3273 4865 3794 3653 2240 4574 2611 1482 4993 3804 2611 3873 4594 1021 3502
4086 11 2450 0 4885 1918 885 1203 4855 3494 223 28 1147 1648 1131 1046 2320 3586 3831 2922
4287 2993 4748 4279 4010 3683 1328 3531 1582 4398 4252 2219 2611 3146 4394 4565 2246 4005 3146 3557
2640 123 4415 1321 4791 3053 432 4664 4338 4639 2415 4352 3852 2614 602 831 4086 2922 4086 41
479 3494 3857 4623 4086 3014 3190 2280 869 2938 3332 518 862 166 1465 3130 4798 732 2824 2298
2921 602 3549 2191 365 4570 1045 2141 2643 260 1840 963 4012 332 1861 1328 3022 3760 4610 4256
3723 2611 2307 3597 1561 3905 1008 3743 3187 3739 4615 3908 4086 2435 4994 4462 2496 3489 2565 1137
3162 3206 981 3045 2298 2191 3751 1938 4810 2090 2666 4928 356 3053 3494 2854 4415 3483 1969 301
1643 1537 1840 3061 2295 1875 397 3273 1136 1034 2191 842 4446 4707 1142 969 3906 737 3033 2280
3233 138 4698 4438 4941 751 527 4891 4486 3674 2414 4352 2459 3190 4668 3508 2072 2992 2031 4855
3212 3071 559 780 1703 3496 2084 1028 233 151 4313 2146 4080 2205 2408 1395 466 2266 822 4149
2057 2843 237 2854 2521 4012 1667 535 4796 4851 3580 374 91 125 3586 817 2344 704 2082 3007
2955 125 4835 2500 22 0 1532 2176 4525 879 2528 3279 3647 4582 486 4829 2863 535 1476 4957
2640 2529 1692 2640 3065 1052 1731 4698 3462 964 3502 2376 4263 4649 1349 3579 35 3236 3580 1632
3246 2302 1328 4342 4149 4353 474 2854 4537 2410 2294 3682 1847 4978 2079 4604 1066 443 105 198
4338 4383 103 27 3045 1328 836 1956 3334 4398 692 1002 602 4504 1550 704 2074 1667 1328 2674
4779 1674 831 597 1653 4855 4575 2393 4626 2221 885 1627 3259 4252 3908 28 3982 3053 2408 3872
4080 2521 1554 3833 167 939 3045 3130 3105 1407 148 1643 4337 2191 2294 709 2246 1297 3254 3403
4093 71 3790 2693 1835 3853 75 1336 3572 112 2611 740 2681 4255 555 4507 2294 1268 2611 2922
3615 3570 4276 508 744 4890 3894 4487 828 4738 635 1891 2922 2042 2498 1308 3684 486 4754 2640
294 3670 3045 15 4375 1088 970 2755 1507 844 2865 958 2949 3188 628 4861 3218 831 2649 2919
