4696 435 3019 437 2884 936 593 2481 2788 708 227 1109 459 1476 1129 490 1534 3045 2074 75
4206 1447 4490 637 123 2446 2604 1012 3857 4252 1205 2447 1825 1088 4250 668 2179 1059 2271 2271
1709 850 1627 4891 2611 4515 4092 42 2180 4910 1983 4218 2030 2280 15 2049 335 2061 3806 3140
4817 2608 151 1045 2049 2517 3652 2246 4276 4407 1121 1321 2391 4007 4212 1969 1793 3852 321 2963
3835 4602 3936 4086 364 1885 2500 4626 1154 2989 491 4265 329 206 3082 2545 1635 4503 740 4859
1395 1403 1531 2450 1643 4960 732 362 4765 2139 3723 4670 1571 3141 22 682 4248 2049 364 374
3530 879 3632 2600 3242 3230 2843 3465 587 4874 704 1862 2408 1126 201 4565 4426 3065 173 3807
2481 1027 3415 1007 1993 2737 4952 4205 2640 2399 1088 4352 3670 2827 3085 4941 2828 813 1214 1996
2302 631 3749 793 4855 524 3045 3906 2032 78 1421 3670 4839 4071 3494 799 365 1142 4694 4378
87 1232 3936 2614 281 1286 4012 543 4576 1627 357 4313 370 4443 2004 474 2415 2499 2191 4858
2036 2528 4004 4827 1812 3119 2178 1788 2152 793 4149 1318 1452 1667 1731 3045 2222 1040 2504 1158
1993 273 3317 2868 4957 3043 2033 437 3428 1667 4565 3765 602 4095 248 4878 3847 2214 4696 3632
602 1346 4906 831 3647 2640 2399 3305 2408 1386 3301 1622 2032 2061 360 4615 3559 602 593 3773
3212 2972 4902 3670 2415 4696 2188 4836 4097 4542 4565 4817 2391 3545 349 2554 2130 4498 4086 2611
1126 381 4670 618 3674 4415 365 2414 3813 4205 4176 4467 4263 3612 1872 4800 1078 3053 125 4166
3212 1709 2082 4906 3496 4134 3923 1142 2521 4597 501 3790 1194 2118 2788 2291 4974 2191 963 2471
3758 4062 2414 1100 3053 3053 1365 1191 1174 294 3453 2246 4596 4447 4305 1142 704 4086 3408 4149
1653 2444 2849 2613 4500 1235 2074 72 4865 3840 2378 3557 3866 1429 3707 2221 2015 2090 4140 1311
4759 1228 2137 2777 3031 1864 2459 4102 1434 1126 41 2292 2843 543 3692 1973 977 938 2191 2611
2570 3670 1969 4881 3076 4276 2236 3586 821 4460 4619 593 2408 1550 4855 2674 1709 3038 1789 698
2962 4407 2707 2118 4691 2453 4598 3707 2600 4583 2376 1993 1136 430 32 59 3465 2323 3366 3093
1083 864 1522 1653 2450 4333 364 1639 3211 3860 2611 2611 2634 3097 3563 3586 1436 3494 862 4551
1532 535 3394 2453 3563 3678 930 2876 3920 4831 294 1139 2615 42 2505 4086 1726 1913 781 620
4286 1537 4124 1235 2802 174 4939 4393 4076 3939 3053 1199 2061 4596 3991 1689 4125 1571 758 1622
4259 1346 3273 4012 226 529 1326 682 2033 175 508 1731 4563 2280 3652 1363 27 4417 4313 3465
2478 2513 1346 2149 1240 623 3296 4512 1830 2150 705 3465 924 13 3151 1914 1985 4018 1041 2292
1891 3288 3746 4086 3408 879 1667 4672 3611 3054 4125 2829 2786 1889 3678 1582 3557 3061 376 744
1643 1494 2508 2271 407 4205 1099 4438 593 831 4978 2142 3294 4867 2935 1429 1757 1364 1780 940
3791 1320 3506 4748 1041 4505 1837 1561 2500 3607 474 453 2191 889 3677 3820 3134 3901 1129 4214
2384 1506 4978 971 3772 1590 3843 2611 3858 3912 1407 676 4279 4012 3053 2139 3674 1192 3148 299
4093 868 147 4847 2611 3934 817 1776 4775 1840 1689 1235 3053 3139 4240 4097 2528 165 689 3504
4029 2527 1147 4086 2611 1150 4218 4415 3830 3045 2827 2061 4352 1531 1005 2414 436 4372 4338 1434
4338 123 2472 3678 486 2178 811 3556 2823 30 2176 1156 3851 1206 2131 3081 1583 667 1704 2049
3404 4672 473 652 1112 2526 4330 3469 357 751 2504 4195 2191 4195 155 4086 227 3494 4276 4333
400 1278 192 2747 2849 2600 4598 4375 2363 105 1497 562 3813 3678 3557 2191 3053 1199 1346 1465
3045 28 1413 30 4493 990 4149 4522 2131 3962 960 474 4246 2217 2191 474 1064 1848 1627 227
128 2216 1881 4263 1595 2191 4551 1293 2727 1794 2946 1667 2415 732 3408 1203 1818 4575 3357 2450
3847 1522 4830 4342 599 1878 3073 3939 1784 3716 2674 1661 1530 2564 2280 112 704 4610 3091 831
3509 4132 3769 1674 4520 1804 2074 4880 41 2191 2611 2317 1740 271 2348 2176 1310 3434 2860 2394
1067 3919 3537 4754 1242 1108 2865 3638 1790 4278 2482 2828 3894 2418 2446 2280 486 3241 1494 2558
4495 605 4542 2415 2611 2611 4855 2611 3295 3586 2131 562 3847 2505 831 3241 4140 990 1627 364
3908 4604 1458 3652 740 313 780 2653 4276 3718 4027 602 365 2611 2922 4891 584 4672 4149 2685
3946 723 582 550 4289 3212 4879 4415 3141 2191 1426 4891 3321 112 4360 2139 2393 2528 1844 199
101 3407 3031 1405 4711 3582 2191 2701 1228 4891 3907 3751 1264 1441 4032 2844 2640 3820 4465 349
4779 4736 850 4131 572 3994 237 4604 2863 1767 232 4375 1076 104 4749 746 1563 2922 3563 3138
562 3670 4912 1861 4289 3760 1328 704 1287 1913 1310 1083 4598 1525 4827 3085 4071 437 3771 535
1891 2344 1588 1395 3670 865 2470 4827 3394 3683 1885 4476 1234 486 2408 3902 323 2639 2191 2238
602 3674 1537 1028 1571 1913 2611 3570 4655 2918 360 2191 116 4446 172 26 466 2191 0 3378
505 4759 4214 1346 3670 2036 3583 3011 3670 3415 2414 2111 2139 3989 543 2029 4866 4338 562 1622
3212 2903 3669 2178 439 3432 1454 2191 2139 4914 3632 357 2961 1405 1012 280 3760 535 3678 2564
3404 2133 1862 4623 1653 3704 4894 1325 2090 2211 839 4416 4941 2564 105 4086 3788 4446 4085 1723
320 4037 3852 2611 771 1124 962 1316 2827 417 1837 900 2408 4598 3630 121 2244 1465 2015 4415
2132 315 4410 1263 4670 2294 2131 4449 3230 4868 2179 2019 1352 3236 2898 4240 4672 2408 1549 3852
4259 3448 4626 3045 2993 1375 2980 1622 3747 1094 1142 1418 4604 2778 3222 3022 4263 4586 2600 2031
1203 4627 4970 3617 4642 3259 2446 425 441 1969 2909 2628 2078 4204 2504 4128 2084 2025 2415 572
2176 1395 1203 4855 981 437 75 1767 2863 2033 3453 1627 4214 4415 4993 3053 3839 2393 3607 2246
3852 4880 2191 241 4123 2922 4891 3401 3134 708 2827 3678 1136 4672 3701 1088 3989 4602 1418 2945
936 1182 2849 232 1596 1364 3977 1199 4542 4042 437 1956 3212 2747 2640 3053 15 2198 15 4342
860 1138 2036 2890 4855 1108 2993 432 3437 3314 2778 392 2049 4086 742 2481 1788 1891 3582 3852
1891 2828 3926 3647 2137 3364 1793 2335 4597 3557 3908 4086 2450 2079 2220 4959 1749 2393 3845 1690
3513 1328 4475 273 698 4240 4672 2945 1088 1655 527 3009 3900 2394 4542 1909 4086 3765 3133 1881
4263 4739 3014 3251 4328 2280 2827 13 4033 2139 4086 2450 2377 3401 2893 2786 1004 1283 2459 1872
4903 2529 3026 4748 1722 1308 2446 751 3670 4718 4557 3994 2374 1349 3840 3502 747 2767 3678 385
2890 364 4263 1088 4641 2061 844 4417 3248 593 4784 3259 2828 2998 963 4438 437 3989 1328 3198
