2935 667 2191 1975 817 4838 4094 1312 1088 1413 2879 4750 2226 4827 3154 3236 828 737 4389 151
4952 1346 2922 3586 1837 2468 2865 4415 3053 1088 2166 4964 662 738 3557 2191 1311 3222 691 1078
4736 4437 1561 1862 4615 2581 4010 3946 4824 1263 486 3908 4957 4122 4604 2600 1089 4571 3610 1818
1069 3505 2089 466 3939 466 831 2135 534 4315 466 2444 4337 3556 3860 2191 730 960 2827 3572
251 1328 2295 232 3302 501 1328 26 2735 3000 1199 1622 3167 645 1418 545 3974 3892 1532 2611
4279 15 2399 4252 896 1234 273 4757 2044 2281 1508 2381 1994 4667 4586 3825 3469 1531 258 1328
602 2147 2656 1242 4149 3143 682 3366 4446 3022 2640 1205 4586 1142 2780 1234 1373 4672 1465 3892
4855 1202 3023 4987 3790 1328 562 2922 2723 3908 143 1531 3906 3756 2191 1492 4446 4268 3583 2049
4185 4885 1853 2298 237 2049 3908 185 4672 2446 4086 3034 1522 1403 1975 828 602 2970 3045 2633
3437 4717 1804 3525 2315 2087 988 3073 3218 1950 1173 2294 166 3134 2500 1235 1530 2394 41 3248
918 1285 2244 1486 2503 4372 2150 2826 2993 1375 3384 4272 1346 2922 230 3053 3295 751 1839 165
1318 4360 2466 1458 3540 3790 1128 2391 4342 4149 4998 2133 2788 1726 1346 1321 2840 2639 3628 3685
1067 3494 969 1520 474 474 4523 3670 336 1158 2030 4086 2335 3982 3061 3959 2857 2779 3302 1413
708 1468 1726 3494 4100 704 2176 4941 3256 2259 486 2408 3774 41 3252 2298 3577 1627 1731 1000
1040 4134 1654 862 1426 2408 3586 1439 1139 3408 1777 1531 1476 3580 2374 3687 3994 4565 1622 3809
2856 2081 1861 2221 4252 260 2092 4523 1083 4250 1101 4546 4827 4874 2414 4083 4763 4298 780 167
105 3509 4737 3483 2611 3861 4914 2139 1667 3535 2131 2764 1709 443 3038 280 1556 1128 3070 4202
3734 4012 4378 4891 379 3053 2249 879 3408 3747 4149 198 2246 549 4338 3401 4896 2238 3045 3848
817 2315 949 1277 831 864 2215 3959 2101 2727 1686 352 831 2786 1088 15 2967 2611 980 1072
323 1667 953 1365 633 2807 2898 1689 105 4276 4081 821 3339 3934 2408 4817 1885 794 4776 2901
4906 821 1178 952 4694 2822 2898 2153 767 767 767 645 4239 30 1532 788 4432 959 4784 3053
4305 4761 3494 2786 27 4957 1709 3674 1837 3513 3332 4487 1531 4623 2079 1056 4851 704 2562 2205
1929 667 3053 2191 2513 831 4263 3710 704 1749 938 4664 1397 4144 2513 1877 226 4181 1132 3139
3363 3109 2611 4098 669 3187 3139 3134 3222 4291 3045 1791 2394 3440 4891 1659 3332 4287 2338 1279
3212 2505 1721 2922 3028 924 2876 4361 3228 1627 4246 2191 1627 2139 2155 3582 3760 2257 1621 2890
3908 1382 3751 2611 2794 3906 1097 4941 436 454 1667 2886 4098 2921 3053 1667 4504 2597 4331 1454
2415 4615 3835 2315 3074 4319 3202 384 2155 4668 1402 2119 1949 4798 2880 4246 4681 661 1962 2640
4597 2399 4252 2131 4252 1342 3673 1309 2402 2042 1041 3053 869 922 2414 2047 4263 1214 4993 2922
2962 2061 1823 2318 2213 537 4498 1142 2298 3387 882 2233 1592 2890 2758 3727 474 3790 1364 2727
1069 3413 726 181 831 4563 2738 3670 3586 2033 841 3076 102 4941 3908 644 4247 296 3607 751
4076 42 2788 1622 4680 3938 2139 2191 4416 599 341 2791 2727 4879 1537 3986 3465 2191 3908 4680
1140 1820 3508 1055 2294 3246 1862 1627 1622 2244 672 286 1139 885 2587 2139 2191 1492 3448 1476
1328 3727 2294 3765 3262 4256 2998 2573 4670 4252 1294 3181 3878 941 3642 2007 780 3137 3631 2280
2124 4716 1342 4623 1622 1308 2139 3908 2827 2446 1689 1653 4855 4020 2701 1983 1324 1294 1076 4786
117 2090 2663 1837 1107 1973 3237 4086 1132 4978 4504 1659 1484 3408 3899 768 3927 4086 4558 3958
3404 493 526 2682 3045 2639 2191 3081 3498 497 4880 3297 1722 4855 4342 1005 726 1328 3670 1635
2399 1088 4042 3289 4851 3546 4829 4670 4441 732 3478 981 1301 1994 4718 3991 2755 1955 732 2954
4759 65 4205 1187 807 4289 4313 3654 960 15 2399 432 2335 1070 4089 3611 4086 3749 3006 3001
4505 3933 3317 3670 2393 4538 595 1837 2528 3564 3813 3657 3825 1458 1071 1328 2450 1508 3666 3790
15 1458 817 1274 3116 751 497 1195 2030 2727 1975 2377 2467 3002 3813 486 2408 748 4960 1454
593 4504 2676 4149 4817 4438 4591 4880 1457 4861 669 602 3761 2922 1084 3053 1344 2271 184 1994
4080 1066 1356 2613 2827 788 1532 947 3906 2087 2600 4239 3958 1689 1007 3557 2857 2044 4506 4367
1172 960 466 2597 2294 3208 2457 2360 452 2030 842 766 3494 2554 4668 2391 1453 13 4297 4855
508 490 4866 1757 3758 2314 1906 2087 4855 636 2993 4367 2061 723 397 3826 4537 141 664 4290
3363 834 2415 909 15 4957 108 3110 4248 2408 1328 4913 520 120 751 365 1364 2399 1136 2824
1880 2596 2890 4602 2827 3053 2439 2474 831 1266 1743 441 1243 2016 4565 90 4469 1088 4798 2106
602 2191 249 797 2408 3749 2611 4098 1439 2131 2579 4086 793 1632 2074 868 4480 879 562 2699
3908 349 419 1782 4540 2405 2505 749 811 1511 704 782 275 3053 1632 1561 1645 123 2238 3183
2478 2923 1891 4879 562 2111 4342 1840 1317 3629 1682 1788 3564 4486 4382 3958 4279 324 630 3535
1913 2498 4098 1689 4506 3774 704 2191 2178 2824 4994 2611 436 4041 315 4670 3014 2176 4891 2246
4779 726 2191 2611 3674 2384 2195 2676 4263 977 4778 2727 2611 2414 1618 2735 2317 4873 2172 3992
1150 441 3212 1528 4269 2155 3153 2927 2133 4987 437 4831 4338 4168 4859 2298 4470 112 3015 3186
1955 4307 2408 730 2586 2828 2455 644 3723 1841 3220 3670 3094 2554 4276 1142 485 3681 1653 2061
602 2481 720 1845 1469 4698 1040 941 365 4515 1125 3045 3751 4840 724 3053 4604 698 4796 102
4144 1844 3392 879 3001 1199 3821 3852 3332 2378 323 1667 3535 1689 1980 1321 1692 4480 2495 4325
4483 3586 1754 1040 3239 4672 3494 3394 4747 1880 4872 4394 3587 4839 2612 488 1848 4160 1363 831
834 3332 749 326 3241 3451 4906 959 4993 4580 1223 1346 1627 3790 478 3738 1655 3242 1622 364
4817 1041 1041 1041 2788 2320 3607 2613 391 1142 2642 2139 3101 2482 3081 3852 889 1268 2611 550
2505 687 3053 2377 4827 1565 486 3186 4855 4000 1781 218 2642 112 2527 2640 2322 2030 1311 2126
4962 1121 271 1906 1726 1622 3053 2272 1455 3525 4662 2131 3948 1116 2408 1571 1440 3758 3611 1194
161 3372 742 908 415 2033 4367 315 4550 728 572 4378 836 2308 1308 4342 1155 2084 1667 1820
602 215 3701 3952 4711 4221 1833 1804 862 941 4897 2589 1235 592 3139 3790 2429 3241 341 4471
2905 3550 3934 272 294 809 4616 4601 2963 89 4830 1573 4338 850 485 4230 4829 3851 4276 4487
2082 1083 1496 4855 1142 4738 4798 1455 1097 1349 4209 4205 602 2528 4607 2890 2824 1665 2897 3895
