3212 1066 3685 3099 1851 3663 3169 96 1151 2512 4480 3081 2118 4816 2221 1947 3852 199 1833 4425
3218 3045 505 1862 4149 4097 4344 1789 3671 3366 130 885 486 2600 2030 3534 799 2993 1457 3053
4600 3012 3570 4668 2453 2111 8 2905 4824 1615 2879 1556 1622 1549 770 2191 3852 2294 4017 4027
2092 1864 4934 4487 397 3081 4171 546 3829 2528 4583 3939 1511 4342 4438 816 959 3297 1324 4802
1844 4076 2520 3776 3020 2699 284 52 3302 3185 4270 821 4937 2062 3236 1141 1908 885 4572 3390
1140 2963 4480 3496 3073 4149 1653 1980 1405 4827 1366 665 3465 2552 1486 693 782 1839 3939 463
3865 2450 3540 1224 3222 1199 1840 4342 335 3609 2854 339 2418 4076 4338 2241 708 1987 260 2298
2742 2611 3517 1439 2611 3224 733 2600 1622 165 1366 1171 2191 1608 1690 1530 898 2031 273 250
2478 4619 4342 1599 6 1011 2465 583 3451 4668 3771 1820 2191 4987 1120 420 1537 4426 223 782
86 665 1045 4195 3060 3705 2395 2728 1234 3845 831 3813 4565 3796 4763 3378 4702 2001 4485 2854
1328 532 4694 3147 2508 550 3444 1692 3459 710 2906 4784 2032 3991 2340 2761 3401 2504 2257 2084
441 3212 3004 1627 2471 1571 4873 4490 1522 1582 3273 4957 1089 4748 3452 1912 2145 1584 181 3756
4287 800 1336 1041 3366 1762 1653 4378 821 3146 3938 3582 2197 3332 1949 1257 587 605 1731 501
3852 2414 181 780 4817 2611 1232 4798 3678 3678 3547 1667 4415 895 3494 2255 1891 486 896 2922
2343 1345 4855 1324 447 4042 437 4480 3081 1289 2570 918 2191 3774 1365 3502 2300 2723 2719 1312
2131 4978 4475 3570 3262 3053 4415 4817 3148 4487 602 2921 2065 3645 2760 4775 4639 4699 491 2779
4058 2179 174 1465 3852 4313 4891 2331 4401 72 2635 3220 1057 2679 4817 2222 3502 273 1537 987
4206 963 1041 3053 2257 3045 2256 3381 4355 868 3494 2111 2102 879 4181 850 237 4820 2764 3685
770 1970 3186 2676 1766 1116 3506 4393 2257 767 4670 4287 2764 4206 2198 4838 2576 1269 3250 2294
3908 3494 2508 4555 4003 3751 3053 4415 4817 1722 3273 4526 120 2611 2139 2963 3813 3161 2211 3394
4206 4286 3674 3986 3674 3045 2423 4800 2786 774 2399 3495 437 3511 4670 882 4880 2867 1418 4827
817 4124 1793 515 2246 2828 3712 3085 3674 1059 1234 4597 2971 3647 667 618 2149 1059 3081 441
3826 4315 2271 2325 1535 1155 4127 2194 3965 3193 4290 174 3134 447 282 203 1667 123 4279 1068
1844 3557 4791 1861 3833 3570 4437 1333 2352 3384 749 3804 2415 2613 3789 4565 145 3346 3371 2922
2378 2828 4711 4426 2814 728 3482 4014 2031 4532 1582 667 3072 2191 2257 1744 1813 2213 436 1184
1653 3045 4891 2945 2441 1790 4313 1203 3146 1862 460 62 3383 2541 3929 2414 4850 2605 1433 1701
2516 1041 1552 4861 3556 379 4523 3467 1573 4672 474 811 1321 1098 2063 3119 1561 3939 2132 2948
3677 890 3076 4291 1667 42 108 3949 2594 4208 3465 3752 2236 4012 4941 2499 4987 1923 3557 3218
3218 1252 817 3754 868 1041 3822 2074 149 887 2838 554 4446 1280 3408 756 3643 2634 1531 3541
1891 3330 2415 4749 486 4798 2381 4904 985 3392 4741 917 4425 2963 1947 3846 391 1549 2376 698
2992 2238 3619 486 766 2733 437 3038 3408 7 1465 4473 2019 2102 3454 3022 93 3790 4418 1201
4097 1525 2903 3469 3441 4817 1041 2292 538 2611 105 1154 879 2061 572 1653 975 474 1005 3906
4071 438 258 280 2481 1556 3181 1657 4989 429 1413 2592 3830 4815 67 4523 2155 2109 1577 530
2178 4315 3415 905 3407 232 3146 3908 2109 2108 4209 3873 151 4371 1128 2963 3181 2191 1582 535
218 4891 4012 3424 2194 3054 3685 2727 233 799 3743 104 2191 2209 4338 2450 1608 620 3870 1973
4500 1962 3852 2999 2566 2992 4421 593 1337 4872 1328 4908 3053 1106 4629 4098 2611 2053 4342 4908
4495 4879 4376 13 2791 3134 4503 1283 226 1299 3958 4847 4029 341 90 1473 1530 1128 105 2985
1537 151 223 1268 831 394 1476 4095 4857 1328 4267 3813 4205 811 343 4941 3906 466 2856 782
474 1912 2082 4615 2410 4873 2198 3471 4315 1556 3451 2399 896 1622 3465 3852 418 1535 1289 2854
4014 3670 2909 3586 4994 114 4086 2849 1205 3960 1748 2191 726 4446 1232 3756 3938 3820 4415 811
3354 4526 4378 4205 3494 4263 888 2554 3905 4446 527 3906 1232 4817 4112 3453 2414 1839 2061 1975
4565 2945 3553 1913 4623 4737 1140 4333 3582 2191 3996 4478 3845 2415 2109 922 496 4273 4817 2611
3212 618 1889 3727 2049 274 1373 24 3162 3236 1321 1346 1129 3502 3288 1367 3045 340 2119 3428
343 2435 4276 794 1067 3980 376 1328 1653 2788 2124 2611 2611 1458 264 3899 4256 1022 3908 3486
3363 391 4078 4097 4313 2320 3557 4443 1909 3130 2344 704 2663 3045 852 2399 869 4673 4751 4228
933 3748 3546 4817 864 627 2395 2581 1083 1666 3045 1088 1789 1730 87 2666 437 3858 724 4060
2727 66 1582 4879 1045 4836 2027 489 1088 4385 4131 2172 1609 3588 3583 3586 2653 379 4563 2993
3269 3019 99 486 4263 4743 602 4865 779 4880 3378 0 3125 2077 2185 2077 4908 2391 549 1549
4206 4641 1321 4490 3760 356 1151 4302 4504 954 3407 2458 4438 4602 1242 4149 1653 3602 3960 2472
4250 3268 1196 2399 1979 862 443 1418 1324 2945 1139 3611 761 4664 3154 2761 3053 305 831 2849
3222 4378 3014 1531 4131 147 2922 1913 1478 3751 1681 3473 356 4589 365 1855 4098 2176 2772 3674
4500 42 1582 788 4502 42 1342 2092 1508 2500 976 437 2294 3236 421 4664 4408 1979 1027 3586
1172 4522 4565 2413 2450 4415 773 2611 107 4111 2611 3795 3938 1418 2482 2000 1621 123 3045 294
2084 1155 535 3565 3607 4590 404 1511 2707 1667 4076 4810 803 634 4767 123 3236 1948 2074 3830
3653 2459 176 4374 1199 713 466 3045 3674 437 4987 2611 2070 887 1577 403 4484 821 3361 1522
105 2935 4270 474 790 862 2410 4680 3891 2739 602 2993 3075 4941 4339 4590 3586 4426 1653 3169
3162 4379 3185 1170 551 4644 2124 381 4855 3760 1055 637 535 2389 1172 2586 2250 2415 2854 1424
2300 4891 691 3293 2131 3082 204 4696 72 3586 3758 4352 981 2132 4615 891 2990 2191 1470 1088
4483 704 4879 119 2030 3826 437 4698 3081 2611 2178 965 3146 2220 3556 1531 4269 4670 1789 2458
1566 98 3803 1146 3795 811 2634 2074 2180 2654 3989 1988 3557 376 203 3851 4532 2481 4415 811
497 107 2788 2220 90 4945 2785 3804 879 776 1667 3004 2698 4091 2006 4314 704 2699 2280 2446
4737 708 3756 2191 3684 1709 922 477 4855 4212 486 4230 2956 4307 2317 3349 4487 3582 4504 474
4779 1804 4924 3081 3863 669 1041 567 1083 341 1604 3742 1014 4756 2558 3415 1522 1582 4582 3332
3908 960 803 1816 2319 4127 4796 376 4218 1885 3388 1458 3045 2074 685 3989 1312 2992 4375 4772
