3586 3339 1011 3703 4512 1333 2393 4355 3989 1820 3465 3312 2191 667 836 2344 4558 2133 957 828
1235 2393 3081 1954 552 4378 3813 3549 1891 2780 1153 1330 2827 3053 2243 786 1142 2482 2280 432
2559 4672 2634 3906 691 1415 4263 2498 3408 57 3616 1851 1142 2717 4595 4987 4698 747 41 1131
1040 2007 4332 2504 2318 4359 4970 3960 3411 1805 2323 732 927 869 3758 2525 3328 3851 4042 3632
2300 4153 3586 2779 1956 557 4184 2556 4209 2298 1562 2504 962 3005 4933 4565 2393 1354 1000 1234
1075 3946 1622 732 3712 3437 761 182 2063 3292 1255 2562 740 3954 101 4255 1653 34 2297 4637
1040 1055 2611 4784 94 2611 4824 2611 4098 180 1458 123 2252 1199 3232 4086 3289 3408 2191 2294
4588 1310 4270 4565 1166 2393 2257 2598 2139 2191 4441 1582 1098 3774 4338 315 4696 1675 1087 1235
117 863 3982 443 1627 4640 2640 296 3493 4515 3152 2030 4597 2061 3053 2898 1346 2854 4019 3273
3602 4305 1140 1179 2415 2528 2191 486 2753 31 32 1622 1007 4523 3273 1604 4836 862 1088 471
1067 2033 2897 2408 2108 2860 323 4542 2391 2110 871 4385 2349 2408 1088 3908 3996 2139 3892 1852
782 1918 4891 3031 2838 1172 165 3530 112 4504 1780 868 4214 1508 1726 1749 4276 2131 623 4551
3908 587 3045 4141 4891 4999 1627 3707 3432 2481 2191 922 2344 3223 2761 885 3408 3267 3081 4419
770 4604 1794 843 2962 2323 3045 3908 2408 198 1203 4966 248 1439 4490 988 822 112 4273 3022
922 4566 3763 2843 1268 2611 2972 4850 700 2936 3181 13 1413 3858 102 1574 4613 3134 3583 4086
3791 795 3960 270 350 2131 3557 2191 2505 4446 3408 1643 3864 2373 4089 1324 3081 655 2347 2191
1328 4263 4415 988 850 1381 4596 4295 1212 1199 4387 2881 3790 2298 2727 3082 3765 3711 4086 156
419 3670 2084 1814 2909 1342 3262 4364 1837 1346 4855 831 774 4352 1088 2444 2505 3647 4855 3053
114 3790 13 2661 1837 2528 2602 4504 1659 1813 232 549 2993 2176 2642 3670 4827 705 4352 4465
3230 1561 3388 3541 4876 1653 602 1690 1402 967 4663 1465 3610 1098 2016 4943 4462 4474 1709 1970
4286 106 1069 2318 3670 2992 1421 4113 2394 2109 1253 3727 4754 2636 4042 4546 1622 1131 4089 42
1533 2596 2837 559 4876 3130 4333 2351 4252 704 1582 275 4012 4089 364 2042 2890 1046 3053 2298
3389 4506 645 4855 3521 3586 1913 605 4565 3525 1941 112 1310 4621 618 1535 693 4449 4727 4680
2478 667 1378 1287 1734 558 2477 770 4027 1632 4314 4800 1080 2640 1203 3977 125 1318 1590 4891
3847 2533 1278 2738 2315 437 4347 1345 850 3301 920 2727 2923 486 732 895 3081 599 123 286
602 3546 1912 486 1312 3920 1088 2178 2561 2611 3582 2633 562 198 4537 608 2408 3218 3415 4537
3212 4928 1242 3496 1127 4240 1508 2676 4338 292 3752 2131 2482 4168 3586 4290 3045 2139 2499 4957
1808 1287 76 466 1844 844 3958 3017 149 4914 1451 2293 1655 4246 2586 4086 4670 2628 4858 3434
770 4707 1016 2191 4978 1088 1687 1837 889 804 1080 2890 2820 748 3494 4249 1201 2236 2074 2963
116 1788 1346 4957 2408 704 4332 3466 4254 3845 3541 1689 1818 3580 1203 4565 2191 2993 4287 1740
2992 1380 1121 1471 1750 4286 3667 1199 1559 3760 2323 962 315 1891 2218 3651 1865 3986 3408 1155
3378 3790 3496 3139 704 463 1622 1627 2414 2963 4369 4086 1000 1627 612 4639 2733 4913 3892 3590
602 1346 4855 2414 2128 285 2074 3270 520 4997 3294 1679 4976 1203 4271 3408 2733 102 4987 572
323 1667 4855 751 134 1839 1561 2195 1235 2034 3457 4095 1346 3750 2092 4263 3045 4446 811 3811
2818 3139 2217 347 3236 4032 30 2394 4628 864 2854 3187 1214 168 1880 4855 4315 2611 2922 3908
3908 1698 3958 1653 4263 1583 508 1041 3041 397 486 3241 180 4498 1695 4978 2633 3432 4338 88
4759 3858 688 3103 2334 1097 4354 3654 1417 1001 3678 1418 4086 2828 2735 4276 437 1891 1830 1622
3404 3339 1478 3820 3005 4668 3948 2176 4276 4817 365 2922 3408 298 2611 3655 704 3574 3413 1508
3241 1253 4124 708 4587 608 862 3642 1653 3993 2639 4851 4039 1321 1980 1203 3939 4333 2139 1643
3212 4532 2137 3670 3652 726 831 2051 2079 1122 2030 1513 4798 105 3027 2531 4877 1531 4535 1608
963 4312 1041 860 3045 645 704 248 2789 1047 1929 1096 4850 4086 4827 2472 3586 1837 4032 2244
895 4276 4342 1910 1782 3207 3414 4313 4507 443 3434 3751 3772 3818 3844 91 4209 3638 713 1098
602 4080 260 4446 924 4011 3496 3760 2560 2610 3098 3729 732 112 3066 2477 4851 3279 4123 1292
4206 821 1861 587 4086 3241 4876 2805 1862 4140 990 4082 1182 2280 2940 1363 2074 4698 836 3845
4357 4586 3125 2950 3818 3045 2935 3521 3670 1709 2411 2131 2350 3489 772 4185 1646 4315 1294 704
822 468 28 3996 1880 2446 2528 372 2191 1210 1913 1002 2826 8 2709 1325 4263 4670 123 1155
1537 1537 3483 2246 2408 1874 454 2963 3553 1128 668 1950 2191 1205 2408 2393 4879 3045 3071 1957
1069 1627 2049 149 1312 4379 4791 441 2447 1076 4338 3790 767 4248 4185 3678 1791 3751 2132 3796
811 4672 4623 3813 2295 740 2905 108 3965 885 4378 436 107 2611 1627 3710 2993 2827 2613 687
602 1346 3141 3233 817 810 2827 1508 3053 2042 2203 2611 2149 4318 1844 4403 4891 1199 1885 2992
4759 3537 1679 480 2139 2191 3080 1969 102 4012 1861 2950 871 4827 4776 3965 3727 2500 2115 2905
704 2890 2176 2896 1784 2049 2414 1234 3346 3169 4504 4507 2802 357 2298 1147 1679 2774 4482 3053
1726 3045 1653 1689 2854 2822 4672 474 4855 3693 3509 1346 1861 2674 3032 2157 181 437 3236 134
4168 1103 112 4824 4551 1857 4817 1574 1627 3494 463 4125 1986 2140 4800 1138 869 4796 102 422
3218 3376 1619 441 3830 201 4912 3136 1321 379 437 2954 4817 1830 3295 1622 2394 1574 1604 3647
1083 3321 665 3557 92 496 2286 165 3573 3857 4437 4446 3707 112 441 1667 3408 676 3776 3144
3378 2191 2611 2826 720 2992 2377 1788 895 595 1415 1653 1627 3756 4209 2788 2611 3959 2954 3408
4779 1757 4795 1776 810 1136 885 858 1214 1346 2063 2824 2063 4465 590 4604 2505 3408 4209 1328
36 280 4610 4892 1203 3756 1538 242 2533 3678 2031 364 3252 3652 4056 2838 404 2538 1137 1235
3099 1562 1142 704 33 385 3134 3175 572 4737 766 2149 4375 2528 732 732 963 4230 466 2415
320 813 3852 3224 3852 2131 1088 3415 1531 3369 2695 226 1465 2139 3938 2827 2613 2988 1679 2139
4223 2408 3523 3670 1054 4940 3899 4908 1908 4214 3069 4411 2672 2139 3081 0 4353 1066 1530 1346
1844 1353 1090 3053 3053 1199 2318 1582 962 2238 4307 1321 2131 2462 4382 3146 3892 3908 1392 2316
1643 125 3556 4401 42 822 535 4957 2378 3852 531 4205 4836 3045 4086 4442 2666 2133 1862 2113
