1757 932 3651 2472 3608 3689 233 3291 2482 2666 3537 1418 4319 787 3906 2191 3273 4737 4032 2030
4286 8 1549 2195 2930 3932 3944 3619 3960 1346 3218 2590 4095 3590 2611 820 149 1947 1757 1041
3130 3939 2238 4270 2320 2191 1041 1041 3053 1827 728 4017 2485 105 477 365 379 4289 1659 1458
4532 2178 75 48 4597 2778 2302 4527 638 2695 885 979 1780 540 1906 3139 2903 4237 4337 1194
1660 4846 2131 4626 3053 2533 4270 4906 1366 642 2085 3102 2006 2294 849 1328 2805 4205 473 276
4259 1528 4844 1046 4542 3434 690 3920 3334 4989 1202 2609 4860 1351 2706 4086 151 4351 393 3109
3933 504 4446 1102 732 3795 1969 248 4876 936 1116 2527 3161 676 1337 3830 2946 934 1910 376
4604 112 237 2854 505 2640 446 2993 1159 1916 3236 2317 166 2118 100 1088 108 2070 2074 3453
167 3858 3223 3535 0 4037 41 2450 105 795 2673 4879 896 2482 2643 2521 1582 3858 4628 4391
522 4639 1321 2733 737 515 1042 4166 1789 1338 3901 1275 2541 1653 960 2528 787 787 2874 4458
4682 1675 2564 1653 4262 366 1805 4086 3758 3870 980 2019 4955 987 831 1643 2178 2949 3617 3864
2955 486 645 4754 3505 3879 4149 977 535 2788 3404 454 4880 4626 4563 602 4865 1230 3653 1749
4259 3996 473 535 2489 2179 4948 3670 2314 4830 2769 131 3765 698 2061 4678 596 2396 611 3734
1030 4342 2271 1659 4659 1029 2914 2043 2951 3912 123 3563 1126 2935 4054 13 4438 378 605 4891
4259 398 3505 4542 1941 698 831 4879 3417 3058 1597 1421 490 3139 4619 2890 2963 3586 1089 125
4565 473 1627 2027 1858 273 2788 22 1643 3660 4911 2408 439 3939 4271 1182 4357 740 918 1503
123 2759 4052 2573 4086 1757 3707 3011 740 1837 1232 1709 437 4855 2699 1907 4149 3201 4787 984
105 3757 4086 987 1578 527 4263 2562 2579 1217 4214 42 570 4205 3001 2774 97 3567 139 3678
2751 4359 238 1301 1663 2030 4639 4519 947 3014 2155 4144 2222 2183 645 1243 3302 1622 4860 2639
4500 2963 1139 2528 1667 2640 2178 535 4504 4029 3380 3450 4223 3705 3304 2242 679 4694 2922 603
599 2942 1023 4205 3798 936 4776 3703 476 2302 2176 1293 4734 2942 1571 82 3344 2363 949 3960
3847 2960 4575 272 2843 2503 1543 284 104 3899 1283 4312 571 2315 4678 2951 4058 4756 4934 2191
3130 3183 4477 704 1505 3465 1847 2133 2915 1041 1041 2874 4080 4234 2455 1709 2074 3045 3612 3623
2951 4901 1191 1549 315 3465 2458 3507 749 950 3674 4798 1636 2853 833 3834 3225 646 850 4276
860 2220 2128 3045 4250 2423 1880 2498 4598 981 704 3982 3706 2394 3483 1586 2307 3982 1484 1784
2935 4046 1634 3701 4352 4352 3758 2294 1058 1616 3996 46 1537 948 35 3053 1592 260 1074 2025
2178 2179 3790 2642 496 1416 981 2191 4914 1667 3455 3017 635 3190 1234 4551 1749 4817 1328 723
2119 4994 2408 4333 1041 1041 1041 4941 3878 22 3240 2552 2049 4263 4588 4751 4913 4337 4517 2509
3908 3437 1191 2295 1226 2027 2719 1872 1128 2176 2131 2164 4855 4904 1837 3409 192 2450 922 3288
486 4922 1096 3206 2638 4737 2408 593 2762 871 4378 1500 638 2139 3317 817 105 4239 1885 4469
1040 4004 2224 4381 4032 3852 4993 4879 2420 2564 1045 2414 3409 1166 698 1791 4398 3496 821 3496
1653 552 2521 399 3330 204 831 1153 3725 181 3276 4715 3311 4218 3305 1178 3019 1627 376 2699
4205 2935 602 2246 789 102 4962 4224 2436 4365 922 3295 821 2732 1804 2089 965 1587 1802 1622
1469 721 3039 1492 4543 2721 2399 784 2865 1319 1667 4565 4904 1128 4368 941 3565 1219 4195 2946
612 1562 146 988 333 2271 1864 2642 1203 315 2640 4992 4425 3946 1083 4537 2611 1889 4565 2495
1844 2655 4007 149 1101 155 2727 895 1234 2853 572 2391 3693 3236 3716 3053 3053 2611 561 3341
4086 2477 3033 3332 3256 889 3494 3357 1164 2294 405 101 3077 2030 2246 489 2890 193 1356 2699
3513 1835 3195 4641 177 76 776 1968 2191 4976 2084 4344 2308 1739 3830 690 3061 293 41 1051
2036 4035 4438 1583 1711 2294 2474 22 3559 3821 1335 1580 3250 415 245 466 4426 1342 734 4503
4071 2390 4374 2154 4333 2564 7 3891 3218 972 2763 1592 4263 1948 2638 2649 278 2368 3228 3982
3332 486 203 1511 4333 4734 4289 159 32 1969 3228 2102 3939 2611 1185 4169 3680 4111 264 4670
3233 4069 347 3053 3517 90 1373 2701 1041 3053 793 2030 3081 655 3868 1735 1704 1821 2188 642
4206 821 1891 2031 4415 1098 4655 4338 3570 104 435 2032 3765 3886 2131 4263 4418 3045 741 2908
1175 1481 2818 2320 693 4926 4682 2611 2595 1582 2566 2827 3692 4563 3081 1027 3586 123 713 3222
4475 3042 4027 3813 3861 1562 3146 1709 4081 1128 969 3710 437 4798 1743 1159 3231 3651 3241 4078
3130 2902 850 1142 4855 4537 112 4586 1592 1913 4817 2334 4543 1069 3172 3332 266 1228 2164 1667
4829 1227 1128 4848 3079 4278 587 201 4276 251 4933 94 836 4012 3512 2640 4342 1852 1125 2264
3404 4891 853 4223 0 3429 4798 1667 882 350 104 2394 984 1061 1083 4255 35 2388 1985 2294
3218 1328 1352 4885 2488 4089 2014 2905 33 4455 3064 669 1243 2827 940 791 3201 1142 185 4307
3009 2789 4603 1655 233 2169 1458 2814 2074 2074 3105 2024 4333 1312 693 4169 1465 3580 4522 4551
4906 3677 1588 4080 1604 2089 4891 2450 1622 4270 3008 2435 4670 4372 229 4086 4738 3142 108 4431
3404 4672 1088 1395 3311 2479 3920 3032 337 2838 67 3760 3813 2111 4058 2298 3751 877 4872 4498
3513 909 3494 672 3549 4195 821 2640 1818 1823 4982 2030 2072 3171 3513 696 704 131 1556 104
3826 4586 2823 1138 11 1494 4616 822 515 2063 2302 2316 4318 4247 3045 341 4613 710 2293 3945
435 2610 3920 4445 2349 4524 4894 2344 4909 4478 1861 864 2967 1223 3134 1632 1213 3751 2261 4709
3760 1243 1069 2860 3511 2611 2408 4655 1150 2405 2508 2458 2958 3358 4313 4633 4984 2545 1012 1469
4906 4270 4933 2191 1041 1083 4044 1908 2756 1942 544 1189 3058 1192 2916 2914 4151 397 2738 222
324 2505 4672 4086 2107 781 1007 3770 1980 4323 4470 123 225 595 2489 335 4891 2911 4623 1961
936 1150 4785 1088 3774 3179 3350 4643 3124 947 3834 3572 301 4779 4890 170 1347 4658 4461 248
1469 4141 4709 2948 3773 1328 773 1588 3094 1529 2816 869 2907 1667 50 801 4994 1155 979 3211
176 98 3804 813 4029 2074 1554 1039 862 2294 1090 4602 4411 4796 1064 2191 275 2586 2911 1561
2139 391 2528 437 4891 2320 4698 1136 2367 1844 3635 2727 2246 2824 286 647 2155 2082 4668 4276
817 1033 3813 2780 987 1439 4352 1067 2993 1582 2025 4446 3617 4598 3380 1273 4698 826 1914 2915
4080 628 2543 4987 3603 1653 2611 1325 4817 1272 1249 2294 1529 3674 181 3022 195 131 530 4394
