3437 2257 3045 2414 4338 307 3496 2294 3236 1818 3556 4446 2030 3350 2922 2828 293 341 1864 3908
3422 3241 233 226 4352 3963 4827 779 3678 112 1820 2191 2611 260 1840 1342 3651 1692 4313 4445
990 3420 4032 1820 4649 3685 2139 2298 132 388 572 2905 4891 437 1214 376 4991 628 1365 181
2478 3006 2898 4438 176 3496 2408 474 4896 3583 4776 4263 3934 2774 2727 2960 3492 4670 3670 2444
720 1625 3996 3996 2495 3638 771 4678 4395 1088 4487 3415 1818 1604 2950 4725 107 3803 1067 2778
4263 122 3894 1757 1203 747 4237 2826 2762 4987 1310 2977 4315 2079 505 2415 0 1233 1962 4352
704 4210 2074 4276 1075 3518 2803 1975 4287 669 437 4707 4565 2016 3465 112 2716 343 3146 3652
2084 844 1749 2415 77 2674 1205 4432 938 1458 3134 562 4851 3035 1469 1707 1848 4575 1308 3765
3908 3678 3670 145 3743 2444 4891 862 62 730 4891 4017 704 3502 3459 4817 4737 3053 3670 67
3082 324 1562 1328 4092 2854 4594 4810 364 2179 4127 356 535 4052 3471 2090 3311 1205 91 174
2023 4071 635 1435 4824 2410 3678 15 4465 3146 1194 4504 4757 397 3337 4987 1667 3408 437 1530
782 527 2408 4076 4596 3222 4086 1088 4311 2133 1749 452 1342 3683 4957 437 2191 946 2954 2053
2600 3502 3014 1741 3084 2540 2481 885 4134 3758 3178 4926 1395 3133 2203 4817 889 1767 1767 437
3233 3607 4623 3790 1179 2429 2280 1659 1980 3833 3909 4710 1041 2036 3273 3582 1653 896 2268 2914
3212 545 740 357 2221 4941 4086 1508 4276 1667 3408 4481 489 1308 4342 1346 4565 2992 1033 2030
105 1015 4259 3845 3053 677 4252 141 1992 4817 2586 2575 2302 3939 201 3586 1980 3899 4737 3557
4080 2579 4097 1421 2627 4876 4678 4507 3911 164 2191 1483 2890 3341 4800 2 984 4317 1717 2139
3908 4076 1532 3014 3053 2993 1931 4270 4546 3302 3496 3073 4616 4858 3611 595 2393 1767 3531 2131
4305 1041 1944 3817 3586 1324 1969 374 3481 2388 3084 3053 3853 2822 2738 3670 4352 1429 2935 203
373 2315 3586 3891 2954 1057 2293 4295 2696 3790 4252 151 949 4263 4204 3804 119 4176 4817 1826
1687 827 2372 4855 4140 3142 324 1046 3647 794 1667 42 2528 4086 2911 3062 2193 1667 413 1980
4505 1537 562 4798 2271 3045 2472 1847 1083 2922 42 4845 3678 4891 4398 3823 2191 4512 341 2341
2455 1579 4415 4460 4827 2611 1643 3457 1929 647 2923 437 784 3570 838 1878 2050 4615 2911 1581
2481 1990 3683 3542 2459 4290 4267 3159 4603 4967 4487 727 2079 4119 2271 1421 1294 379 535 379
2459 1627 3813 4205 1232 3412 1837 4032 761 3701 2408 570 437 4398 1041 3053 3388 4611 3332 3034
3908 3019 1556 3674 693 3236 3715 4596 1066 3765 3670 550 2962 1582 33 786 158 526 1757 2611
4532 4174 1494 2053 2867 3148 1124 3222 2993 3075 4352 3186 879 3683 285 1132 2686 1172 3813 3931
3363 2408 3834 4711 3840 4865 1604 4027 1492 2828 3022 3053 590 1382 4064 1757 1537 1023 1069 3372
3908 4780 1041 3223 1419 667 1041 4077 4352 4403 2292 1991 3790 2939 4076 2993 486 1433 4855 4342
3908 2368 2961 602 3852 2499 4149 2854 723 3939 3053 3348 1199 4928 4472 3056 3813 2030 2499 2621
3674 4050 315 114 3242 4291 4668 2935 7 466 2027 474 4817 704 2552 3454 2191 4437 1041 1621
1040 3553 1692 1041 4565 2191 1537 1155 611 1346 223 1835 3934 181 2450 622 2922 1076 1582 3901
2191 3147 1582 4873 476 599 2935 4010 3670 4487 1112 4604 3466 2954 2414 1342 938 3760 2323 2779
116 1059 1604 3465 1957 2191 2155 841 2738 432 2775 395 1786 4205 3602 3790 2319 831 3030 3626
3230 1109 4681 704 1397 1689 2696 4012 2611 1511 3045 3852 2399 1346 3790 388 3821 1771 1208 2191
2191 486 1751 376 91 2191 486 4263 4033 4528 3816 2102 3790 3878 2159 3946 1054 3959 1378 831
4205 4827 1418 3332 1140 2721 364 42 809 204 2211 4900 3586 2889 678 1235 2408 1862 4504 3494
1328 1653 663 3936 13 2470 3126 781 708 1382 2836 3053 1818 1041 895 3147 4668 643 1653 1622
2399 1592 3674 3465 2520 2283 2738 3825 3528 1814 3892 3908 1067 1561 981 349 665 4990 3444 2889
2767 4558 4270 1726 3053 432 3763 787 1140 374 3952 3586 4379 1139 3494 3379 3765 1109 4891 3505
3908 2667 2527 112 2922 1734 1342 166 2856 3045 4670 437 4378 50 2049 4276 1532 2101 3685 1476
3908 1126 2922 4086 2294 3879 1511 2489 2443 2935 474 3845 4082 708 831 4466 4086 4751 837 432
1416 2139 2191 602 1692 508 4859 437 4891 2336 4855 2611 2166 3404 2631 243 4576 3602 2280 1667
4817 4670 4318 2414 4263 636 1265 602 4817 595 595 2481 704 3610 4086 3082 3340 751 2217 562
2962 2698 1653 4604 1830 195 13 2827 404 4214 1837 1342 3147 836 1973 1210 214 4367 4498 3573
3958 4987 3045 4506 2298 1604 1199 3154 2499 1367 438 1171 1421 1690 1439 2922 4094 2131 2566 3420
2165 602 618 2863 2721 13 788 3678 4817 3072 2315 1041 2258 1232 4080 4089 2191 704 2348 2268
214 3045 4263 3901 177 2476 2317 1268 3751 2250 3783 1741 3241 1494 3674 2701 4670 4446 2854 4870
782 1129 610 2191 1352 3147 1088 806 1977 3962 2499 2639 4851 4213 4289 187 437 4515 2972 473
2191 62 2719 4596 3865 1592 602 747 1470 3045 2033 2191 4914 3939 1328 1470 987 98 4289 1342
117 3126 4263 2030 4575 2191 2611 1571 4166 4718 1308 2139 691 3053 4365 4437 831 3762 4252 3760
4906 321 3256 1186 1476 2167 378 2290 2854 296 3865 4817 3022 2408 4909 341 3366 3908 2482 184
4495 497 4342 4880 3938 3756 2191 2890 2220 4276 4024 4263 954 4994 3852 2031 3699 4978 2498 2824
123 2496 2074 3045 1689 4263 123 877 4565 408 4880 889 896 441 3727 4993 4934 3756 3062 1112
2992 1365 508 1644 597 2323 1711 2132 3410 94 1324 3033 4289 4605 4446 4111 3746 1861 42 1293
1101 2084 1308 811 1027 112 4537 535 4123 2968 4342 2476 223 3080 4702 1627 2874 2504 4393 4543
3061 3936 2087 379 3102 2632 3761 216 4381 2320 2137 3678 3139 4086 1663 4135 1439 4698 4212 4415
2178 0 837 3222 1786 3826 1726 2290 1861 3236 2209 1627 3739 4776 3251 616 527 2963 2049 4522
3908 4490 1155 3617 3313 1088 3946 66 4957 1064 2840 1142 3586 3852 2922 2828 751 4263 2906 2133
4906 1426 240 3332 3820 4879 2935 4379 4818 2220 3236 3045 15 4698 4565 3332 862 3019 2843 1203
1492 4791 4012 4672 2965 3366 13 1608 745 1041 4442 4042 4817 1511 1492 1338 2221 2220 1416 4820
895 2838 4527 4446 2360 1607 4567 3465 1848 2191 486 2408 3073 3273 1427 4098 3763 1840 3388 3982
441 1041 1041 3077 183 3872 118 123 562 4089 2191 2611 4270 1125 83 4014 4776 4144 2131 3852
1544 3951 1935 2256 2393 2509 723 2191 1635 782 3813 437 4928 3411 3683 1692 2561 1325 3262 4957
