2132 1324 1426 2178 3639 811 2221 4195 1618 404 3429 2922 1560 998 1067 2276 1667 4891 4672 296
3243 486 4978 4086 2131 4879 280 3906 3861 2074 2450 4248 3152 4773 704 4042 831 1709 4859 2137
4093 3758 1033 3670 2335 4247 3413 2774 3790 1868 2118 2611 4562 2586 4594 2528 4565 1622 3181 3209
602 4718 4711 4696 3864 831 4140 2061 2150 4426 1084 4149 4415 4313 2611 4778 232 4287 2191 294
3586 3758 1397 4914 2391 2812 3564 558 2191 2611 62 171 2492 2793 2452 938 4580 2609 2298 4267
2905 3085 622 1582 41 3045 4880 4446 732 467 1670 1366 2294 3236 2049 1418 830 83 3804 1022
667 3465 2396 4263 2308 2915 4418 4000 3557 2988 2139 3533 1139 3219 3101 1537 4861 2803 415 1347
576 204 3855 2012 1192 3378 4471 3996 392 4117 726 895 3505 1309 404 4352 215 1509 1913 1799
4798 546 1511 3074 3506 4891 473 3181 323 2558 4737 4144 2849 4522 1837 3252 1880 3570 4082 3958
576 977 2700 3751 1458 1069 2191 2611 570 2294 1903 1542 1667 541 3670 864 2027 3765 895 1980
602 1346 1446 2611 3791 4698 2297 2552 394 2982 698 781 2309 2408 2554 2505 3465 1982 3683 2191
3363 4342 3383 3494 1088 4978 335 3623 1837 4315 42 2139 2514 4446 4994 4877 3453 3813 4076 99
3218 4211 1627 4044 1949 2408 3392 3754 2393 1155 4817 4406 2415 2176 817 2131 2129 2573 4626 3827
4259 2020 1625 1667 4152 1321 4844 1046 2963 4902 2904 2666 1532 4494 3944 2477 576 1084 4238 3226
1397 74 1689 2504 1627 3790 1150 2220 3045 365 2504 602 1142 2155 1625 3944 1622 2176 2505 4694
272 3045 3908 3293 3236 2699 4993 4466 2824 1751 3846 1155 57 4678 2111 151 4214 4500 4352 4333
141 704 3613 441 4276 3647 474 4276 1913 3678 930 2888 2786 466 4759 248 1170 490 1848 4086
2036 1142 2838 3866 3906 2090 3057 1941 3364 1830 4504 1098 439 740 3683 3045 4896 4387 2970 2074
811 605 1253 4891 2280 1496 1627 4836 4876 469 1083 3212 593 3273 22 1935 966 3448 4209 1153
1983 4379 3457 596 3045 379 3496 1835 985 4342 4827 2450 3748 2749 2922 1109 2131 2528 732 2191
3772 2520 301 1603 3465 3001 3045 3674 862 2357 2074 2450 799 1588 2620 4817 1364 189 2298 105
2889 1041 1578 1627 1655 4124 3882 4297 2298 298 1447 365 2611 3223 4080 2191 2611 446 2673 1187
3908 2446 2001 1560 1041 2109 258 141 4078 1835 3965 1627 3076 1916 4086 2305 774 2632 3053 1142
704 4221 4035 3996 2602 1789 2191 3332 643 3257 4978 2505 4080 3317 1088 4680 3378 4873 4461 4529
3493 306 1155 2929 3991 4041 1976 3568 602 4206 667 4800 1632 4387 1731 3218 1757 3032 1969 2376
2016 4364 4134 1046 3183 4976 1253 2922 4086 1508 2761 618 2788 1794 1689 3857 3892 4287 1740 667
4080 4326 4791 245 1506 3669 4089 117 938 693 2435 3250 1837 4623 2133 4149 4718 4607 3372 3830
262 3525 437 228 3147 4668 550 4357 3614 4080 4580 3553 570 3852 364 2030 4956 1667 953 4012
3670 4144 2922 4627 1559 4966 4263 4597 2704 3817 437 809 793 4855 659 202 4817 1667 3649 4803
3006 3420 895 2455 1709 4891 4095 2191 2704 2922 2856 4546 4044 2408 3408 2838 1109 3534 1142 3623
1561 4776 2393 1588 831 4088 645 3045 3678 3672 4725 4714 3053 2030 2611 3053 3053 3206 4379 4891
4259 631 2191 2176 3577 3236 1088 732 2320 1775 4370 1041 2191 2611 4271 677 2408 2756 1955 3610
48 4697 1944 4065 3551 830 3342 4698 1632 3317 3223 3670 2290 799 4753 2074 2452 2322 2391 202
3363 4289 3053 349 1667 4123 4492 685 1155 2528 4252 4880 474 1321 2428 1530 3674 3959 365 1088
2294 2131 665 1083 4168 2074 437 3678 817 2528 732 1635 723 779 4200 214 3834 4247 4461 1128
3847 4891 2131 4252 4263 3529 2290 2963 3133 3295 3494 3551 1870 20 3727 2774 1214 437 4614 2191
2135 1786 255 3053 2408 75 4128 2191 169 1891 704 4289 2450 4381 2945 4796 1643 2221 1522 2863
3991 3760 1454 2257 3813 4270 668 704 3437 1240 205 1397 353 3667 1627 1528 1480 2642 4691 1710
1172 1417 602 1692 1465 1622 2599 877 4672 2827 2891 2089 10 2977 3045 780 2575 2609 776 3444
2935 3780 1088 895 3647 24 3378 3672 1092 2922 4247 1537 2124 2788 4987 4056 165 437 1889 710
2191 4891 508 1562 2146 4125 437 4891 24 3392 2963 3879 1913 1075 2838 1172 2506 2030 123 2084
48 4738 4209 704 3583 1312 1035 4978 3965 4698 4594 1667 2399 2053 4769 28 999 1847 3617 1428
2504 4879 1993 690 1199 1962 1346 4972 3212 4837 1364 2187 4670 4086 1667 3557 4446 1561 25 1321
3760 4876 3332 3061 1458 3705 4894 1253 2408 1234 3241 3014 3408 1667 4565 3852 2408 3847 474 2611
4442 1310 3939 3148 1053 1041 4565 315 3944 3105 3128 2393 105 1269 3586 2863 1889 3053 2721 2922
1957 4086 3346 530 2450 749 2988 2393 1653 1689 2450 1692 4993 4805 3846 3383 2922 1805 3991 141
4998 1042 2771 4032 42 2163 4758 3381 2408 1325 2727 704 4718 2774 2965 3619 1702 3682 1913 41
1030 460 275 704 723 2415 2912 4352 1749 821 4205 1067 751 4784 4891 3211 237 2699 1067 749
3368 2513 3653 2131 3081 2789 1373 3494 2945 2298 969 2611 1559 2413 1861 3651 4876 2525 3409 1869
1750 125 1397 1809 310 3960 1328 645 8 1582 1283 4495 4276 4012 4935 145 4452 1206 1088 732
602 1709 831 1172 860 1235 1864 1736 317 3481 1282 1734 3169 3758 374 1069 848 248 2983 4048
602 2467 750 986 1565 3384 1041 2939 3134 310 4471 3045 1685 1582 2600 54 3378 3804 1199 1980
732 2752 1075 2220 148 1397 438 887 4247 2727 2774 4069 2298 789 1535 2929 1089 2413 425 1349
82 2189 2788 3527 4342 4504 364 1106 3908 4140 3478 1088 3081 3860 3130 794 3938 1136 4415 1659
2191 2505 3852 2393 112 2510 3678 4960 3958 2271 1731 3146 1155 1373 4122 2450 2921 4446 3172 3502
28 2528 3670 1753 2905 3045 2191 2257 4064 3045 1635 1083 4876 960 1689 878 732 2376 4779 2455
1801 739 1973 366 3086 441 249 2426 3000 4879 1762 4851 2126 335 1199 1667 1667 4565 817 4746
4206 211 2854 1749 3878 4911 862 3851 3986 2191 41 3746 837 4372 4360 4214 3557 28 3756 2191
2178 91 1793 2611 3301 4855 2611 4596 4962 4733 224 517 2036 1069 381 2573 2489 2053 374 1507
4846 4626 3053 2600 2090 2967 811 2394 4398 1004 3557 2922 1880 2139 3408 2298 2531 3872 1241 3695
1067 4128 1083 3982 2257 3045 2220 1891 1813 1533 386 4330 4179 1951 3073 1653 257 1653 437 705
4871 3908 960 704 3752 543 2049 4263 1088 4993 42 102 4631 301 96 4504 4490 2849 1667 4398
565 1751 3737 1421 1622 4415 4415 4993 4855 3053 3401 3791 1214 821 1141 1397 562 2294 2131 1295
218 3647 501 1170 2779 4263 4827 2111 1041 1813 1556 3670 4851 3556 4580 2410 3692 1413 2860 1833
