562 3772 3385 2935 227 4276 2217 1913 963 1155 463 2074 466 3306 1346 1788 2441 1531 1413 1130
1766 4855 4379 2037 3639 2854 1665 3932 4391 3194 1346 1335 4602 1441 1561 296 1155 1782 4521 652
1030 3675 2459 4086 618 2499 1325 2625 704 1858 2393 3996 1572 774 3551 3494 3638 2653 3143 4733
1040 4012 2504 4130 4062 13 4831 474 2854 341 2912 1166 1326 4504 3181 88 3225 2315 4957 391
4080 574 3332 2516 3223 3496 4597 3557 1089 869 1889 3611 850 4461 2960 1598 1108 4438 4840 4071
4626 3804 1301 482 2074 174 3770 163 1318 3991 918 4570 732 4966 4127 2336 2661 2934 4255 402
4206 3919 441 2109 2520 4317 3146 2415 2922 1321 1885 3142 2191 3996 273 2050 3045 2673 2091 4091
3946 3920 1848 3154 4891 3082 794 2394 885 2640 981 3864 41 2020 376 1418 4239 2640 1352 2032
2344 2444 336 4325 4210 4947 2390 2666 2232 3991 3478 2854 3189 831 3904 1429 3259 4891 3611 860
4206 821 3098 1375 1088 1709 2396 1731 1034 2611 4315 2555 4741 296 4446 4879 1622 3749 294 2743
1066 4313 3222 641 3796 486 2246 1957 1789 3583 1622 3053 3765 1627 4304 3189 3253 1288 3478 2318
4004 4552 1309 4338 2831 4393 2802 1232 4378 2019 605 4565 335 2990 4375 2298 2298 808 1550 2922
441 2612 1565 3813 2137 2476 1670 4315 2732 1821 1689 2611 74 3564 4817 2727 1170 1000 119 2450
1914 1891 27 3337 61 2412 1319 1088 1346 4855 2687 4 2727 2611 4537 2217 4859 4802 3448 4817
667 770 2562 374 1713 3623 683 3663 2195 4358 1055 4586 1460 4642 2884 3820 2030 1441 885 340
986 2918 1821 4071 3790 2977 4670 489 4342 2918 1731 364 1221 463 1792 1689 379 771 3134 280
3908 3996 2838 4446 3965 2611 4304 1622 185 4623 555 1572 2130 4263 3317 3186 4355 2503 4446 2678
1469 1749 4279 4239 2860 2459 129 3279 4668 1047 1142 2083 732 2061 826 1046 1294 2161 4263 3502
1685 3019 486 2298 2307 1885 3233 3760 2961 2030 3082 4758 1970 3579 3703 329 2263 2033 3483 1548
2827 4263 932 4894 4406 1950 265 4873 3547 4350 1973 2611 2778 1533 4877 2085 4474 3908 4656 1000
1306 3906 3610 3670 1046 2243 1385 2089 1470 437 3845 3124 174 2413 3727 2470 165 232 1157 237
2075 2004 1766 2408 4378 4565 2444 41 4504 3059 1648 3489 618 1670 3059 4526 1022 3354 2921 4369
4525 253 3826 3570 1864 3786 811 4271 4149 4056 550 4798 745 3146 3908 1837 2031 4044 4446 4504
1328 1101 2527 2131 4076 4098 2308 3306 95 4446 2113 3571 2911 930 3747 920 4974 2036 963 452
1891 843 771 2865 1525 4256 2905 4668 2667 1804 3502 324 1726 2717 1983 3804 980 296 3939 1328
2679 1328 850 1861 3551 3053 2251 357 1232 3191 1653 940 2450 4779 2294 2294 2331 233 2119 1105
2737 2820 4836 4100 255 1293 856 546 2753 4267 1902 1112 2950 2933 478 4124 1161 4446 3220 1439
770 821 596 2408 4014 3852 3647 1215 664 4647 4670 868 4434 2905 1663 4772 4307 450 4364 1528
77 4065 379 208 1632 864 4511 2578 3295 1294 1743 4530 3654 2471 2399 180 4128 2657 3860 4455
474 3727 3971 3236 816 4667 987 1571 3349 788 4565 209 1659 4694 113 1346 4169 4860 4698 862
2218 4575 841 4346 3675 2717 4659 1132 535 4080 3641 4180 1214 3906 2611 1413 2504 558 2414 3958
3262 2176 799 91 1997 2474 3682 105 2501 1709 42 2223 3236 1484 1155 3415 2004 1324 617 1165
2016 2164 3623 1638 1674 4263 232 2628 4756 3053 3348 1723 2478 2280 4473 3457 490 2191 2611 4670
3363 1188 1041 4737 4415 4448 2963 2031 4125 522 799 2922 2827 4808 3727 1542 3045 2993 176 4737
4779 28 1494 2643 3557 433 3925 599 4401 4012 2611 3328 2295 4379 3065 3457 2968 1487 376 27
3363 917 3006 4305 4565 4446 3551 2271 544 557 296 1659 3932 4871 2977 1913 644 4276 3167 3699
708 252 2696 4929 1818 3045 1653 2450 3772 3226 3236 2302 4641 3674 3758 4195 732 3045 4855 1980
1164 486 770 4144 102 4207 2761 1000 2726 42 653 1562 1011 1621 1600 3575 1342 4604 3678 3139
1418 3991 3751 4271 463 4649 1294 1076 429 1039 4696 3651 2298 4765 4855 618 2205 704 4289 3236
343 4711 1622 535 1635 2649 1040 1412 2191 977 3321 3139 4543 4664 1572 3350 4415 4435 1918 4540
2570 218 4694 3670 2837 4415 3248 2132 3696 2344 817 2723 2331 2290 4523 2130 4318 2584 2727 4480
187 2215 15 1918 3262 3549 3489 3557 3287 1088 3222 4122 3028 3134 2520 2297 4058 2528 3330 335
1172 4877 3572 4568 2074 976 2884 2831 2036 4010 2318 2435 4221 1532 2061 2474 4786 704 2036 4914
4003 376 186 3834 3663 3001 2922 3647 4899 3045 4446 552 4819 3606 1692 4565 2446 1931 174 956
323 4012 4896 2499 4957 2415 2450 4394 4240 2770 533 693 4891 1889 1199 817 2723 1311 1906 1240
148 3401 3212 3825 2840 2006 1819 155 2971 3525 2191 3277 2315 1142 4394 149 1128 2391 2408 3939
1906 4956 1667 140 4859 141 3989 4962 787 4502 4597 1674 740 1089 2308 2211 2481 3851 437 1088
4259 643 4050 4076 3699 486 2528 862 1484 4212 1689 4565 4086 352 3305 1861 868 4740 1373 4471
216 1147 2856 2935 453 4462 1127 2221 1903 4344 3991 1336 2191 2539 2420 2879 3451 2187 3241 3297
2446 15 2558 1142 227 3827 3919 4379 1574 4691 4522 4239 4471 871 879 3701 1818 2200 4659 3106
4495 3045 3222 2909 2213 1920 3682 3674 4487 1132 4767 3650 1235 2667 3259 535 4012 890 1784 3428
1484 283 148 2030 298 2294 1418 4854 2954 4583 611 602 1629 4205 984 2922 286 474 1881 2640
970 2415 3952 2031 385 1755 4902 474 1749 1962 1046 1511 2528 2155 4906 4221 174 4153 2074 693
4097 3727 1701 255 1677 3180 3045 2907 2325 2295 65 2629 4510 1723 1782 30 4891 2860 801 293
3218 2913 123 3922 3776 101 1717 3965 1126 669 595 4415 1627 4109 3429 1352 3268 4259 1465 3906
667 2113 2295 1782 520 4808 4260 123 1105 4061 4571 210 2131 3852 1199 2450 2476 166 898 2727
1317 1150 562 2305 821 1128 3002 3678 4994 2217 3045 1965 535 1194 4415 1320 2699 3014 3834 2155
4259 3354 1318 2879 3344 1408 3380 4081 119 91 1691 4315 2793 3388 2526 909 602 241 2719 1970
4817 2322 2964 3383 4076 4523 1321 4796 3045 1842 1689 4664 404 2345 3977 500 2793 3045 732 1717
4272 924 468 2408 3073 2611 3647 2639 2775 1806 2033 4250 3891 119 2472 405 1916 2903 418 1147
2509 4565 602 86 2220 1088 862 1004 3254 2649 3682 895 4231 3959 2922 2827 4840 245 761 3549
4259 4631 739 4221 3260 4522 2131 2092 4263 4321 2073 4092 4629 3186 2478 3022 2416 2393 3607 4639
987 435 1242 864 2913 4894 1885 4441 151 3586 4865 2844 42 3059 1561 1862 2374 1726 2302 4416
2087 2781 3765 2779 269 853 1328 3392 3652 2294 2600 2394 437 1083 4415 460 1088 187 2810 4462
