770 90 1861 1654 4354 3045 1365 4223 2408 4071 2298 2882 405 3017 4894 2030 4144 1659 1416 123
941 2693 1041 4798 1627 2818 3586 1321 3045 3748 2805 474 4305 3019 602 121 1088 1451 1749 2503
4835 321 4504 28 3906 1667 776 3586 2294 3236 811 1667 1562 3767 2600 1286 2609 2860 4542 776
1198 2639 981 1889 1389 105 777 2248 405 2596 3899 2360 2209 938 2298 2271 398 963 4661 1837
105 4891 1426 3011 204 2271 2221 3395 2611 3208 2109 550 1041 4289 2565 2131 4446 15 1308 4771
1844 3505 4072 1891 3004 617 1058 3492 1635 3053 2774 3134 632 836 2191 963 2922 2042 3509 3141
1416 1568 2368 4197 438 214 4655 2343 340 4312 4880 4250 2611 3045 2727 2611 2246 4180 1891 2293
3363 1993 4885 4040 3791 3870 1679 1582 4737 1139 3408 863 4604 3570 4798 2605 974 3301 4902 4462
1161 2294 1029 4003 4577 2408 2176 1749 2074 2074 1749 4461 1709 2776 3826 4041 1949 49 2818 2078
116 625 4854 1862 4214 2415 2786 1928 2139 3370 4263 4827 2827 864 3611 13 273 3404 4243 817
3647 3570 4879 1191 2856 1782 2131 1608 1627 4817 1328 229 3586 116 4149 437 3908 3084 4987 1352
1537 1537 4596 3670 4411 1452 1962 1891 116 4086 379 771 1655 4276 3840 3353 4270 588 3150 3586
4286 2238 3647 4668 876 1041 4565 2450 4410 508 4670 4930 474 3420 4855 2696 2640 4772 4092 4532
1067 2917 4149 4076 2993 2640 3201 3899 188 1637 3370 2640 1484 2642 696 2828 4407 2280 4313 2429
3613 15 4319 885 3607 1953 1645 776 4772 356 828 2050 4078 3236 1005 4340 2408 1827 3301 4902
328 550 794 595 1328 260 4924 2131 1088 4144 4527 3413 704 3602 982 2555 203 1453 4095 3300
4064 508 794 4352 2450 979 2414 2217 478 219 2963 1667 4330 3756 3756 4487 3045 3864 2611 1970
1844 4415 1918 2074 4461 168 869 4580 4214 0 1214 2854 822 3408 2437 399 3212 1139 850 3748
3611 3677 4855 2257 2191 1301 3068 799 3506 782 1906 963 365 1973 2609 2063 4019 1310 1622 4471
1986 2528 1152 3839 4594 3751 558 3670 1692 1627 2215 978 381 593 112 530 2139 2191 2611 2293
166 793 751 3236 3053 3408 130 535 2481 3198 3906 4140 1604 1891 737 2770 2280 871 3989 4023
4639 2854 2611 1366 3958 2435 737 4963 3813 4276 503 2408 3163 2439 4876 1028 4698 347 4993 1643
4279 963 4877 1667 4333 1178 1993 3212 822 627 4707 4565 2450 2849 4543 4176 4110 602 1346 1041
28 2735 3019 3582 4086 2639 2084 2191 1667 535 2284 704 1749 2854 2850 2376 4734 4769 2521 323
3670 4221 2415 460 474 2109 3547 2290 4144 447 3076 1987 4086 1093 2191 1426 2109 4827 986 782
3350 3670 293 1311 3967 1969 1531 1476 1349 1813 987 4891 1494 3820 2903 266 4904 4097 4714 2414
1709 4679 4338 3758 4643 2312 723 452 2399 2576 3559 3045 2729 2528 3865 2271 3380 1098 4512 1382
2498 1508 2828 2564 4477 4289 2268 260 2092 1692 4982 4855 524 2410 704 2663 3586 3237 1326 4140
1537 2828 2717 602 782 1342 4851 1667 245 443 2991 4771 3535 2774 535 4092 4757 4798 41 13
1655 2727 4829 4372 2074 3670 3045 3006 2774 215 1996 350 682 2132 589 2786 2294 3635 2087 1627
1808 667 2674 3130 4326 248 3833 4817 4779 3723 2611 1061 1405 437 3557 1789 3756 237 3949 2788
4737 3153 2915 333 3952 1375 610 3059 3053 987 1083 1723 1545 1363 4239 3908 4891 233 1864 4080
4259 3119 4086 1203 335 3939 2414 1840 187 965 3252 2918 3658 4149 3960 1653 3186 3977 4366 3053
726 1965 416 1495 4425 1276 3587 1761 2055 1322 2611 3105 3223 959 4784 885 2220 2195 1229 486
3218 4364 2313 4319 2854 1653 2642 1667 1528 3674 3939 3670 439 4817 2922 4019 1155 3597 4154 2799
3549 1397 2922 2477 2595 3804 3908 3861 4604 1469 4471 4506 4426 744 3401 4596 3873 549 379 4844
1150 2093 430 747 806 2113 1268 3996 862 41 4319 4707 3073 2201 4387 1142 1851 4523 4131 228
3946 2756 4215 3311 4086 3434 4978 2827 737 2131 1413 1592 2513 1599 4737 3671 4994 1440 4446 1142
782 2249 3651 4879 1390 1112 3586 1572 4010 1530 3586 1794 490 460 4668 1128 2459 617 2499 1128
3246 3833 4338 1141 2945 48 478 708 4154 15 2642 2414 71 3760 2323 4650 552 3384 1840 3910
2137 4382 3760 2727 486 4827 2922 4891 620 2543 2450 2131 1172 4696 1947 2176 836 3222 99 527
1489 585 1947 4352 1622 4623 4523 4199 2746 4925 4086 1571 708 411 2922 727 4639 3899 2408 4286
1354 2738 4449 2849 1582 3405 3710 1083 4861 3392 2761 843 3586 1568 2027 2528 123 1486 2466 602
1140 214 2049 1039 4532 1622 2441 1790 3734 3557 2294 1418 3332 2408 1235 3557 2865 1453 1346 4796
2779 4263 932 4127 4092 3580 1535 4836 2030 1513 2131 3813 2611 1837 258 1601 2600 2087 1715 2499
3782 4415 2408 1653 2294 2727 1659 3851 584 181 3939 4737 868 4409 996 3651 3224 1991 1690 2513
3332 2444 3820 2030 1774 3001 1066 1980 4431 3920 2030 2476 1366 2092 205 562 4458 2922 3647 1837
562 2176 1793 4776 1321 4791 3408 2119 3062 2202 2387 4259 809 784 526 1601 2779 4879 3811 15
3158 1418 3968 2663 3586 3845 102 3093 463 4655 1709 3390 4891 280 1434 4027 1659 473 3651 2221
2067 1301 3611 1088 502 2598 908 1213 4668 3824 3790 2298 4894 2346 3053 2823 3283 3851 803 1328
1172 1718 2609 4791 3077 245 1588 293 437 799 1707 3470 4877 4313 2041 4406 4880 1397 2787 2221
4510 2576 15 3803 2537 3457 3982 0 3221 4504 4817 2391 4987 2977 2061 2499 704 4338 3872 2250
2268 3365 844 1139 895 2087 850 2074 3527 2027 1346 3851 4149 1183 1296 102 273 1813 963 2922
4469 706 2500 3610 4877 657 1088 2191 2611 685 2065 2611 1511 2528 1627 1749 3682 520 1398 1381
121 3031 2415 2132 3843 1550 294 1622 2903 4978 2689 3670 669 4097 1627 1793 2031 2505 3408 1629
2036 215 4978 2828 4241 3276 3865 3091 4860 4855 4471 124 2611 2611 3222 2118 3583 2131 340 2708
1653 1918 2961 15 13 1325 3224 411 3273 1782 2782 4941 1235 2030 2378 545 299 3583 2394 1582
4093 3148 4784 2362 1155 2393 4173 4176 1261 4469 354 3908 103 2288 945 3970 4044 786 4538 4065
2827 4655 2759 2079 2323 2791 3689 3289 2400 2795 4841 3608 315 2761 30 1293 2442 4623 771 3134
4500 3611 3629 4401 4089 3908 1379 687 1670 13 1142 3670 4209 1556 3899 91 1802 2524 3525 497
1069 4086 704 1544 42 1891 3798 3710 4952 683 885 1328 3904 2315 3541 811 2148 1286 3553 2414
2178 2922 2828 2886 407 535 2391 868 2900 3906 123 865 2523 1654 3133 4798 3053 296 4214 2240
2918 1041 1277 2238 1562 3148 1993 4378 1617 659 1040 378 3177 3635 4270 3659 527 3613 437 3811
3908 3556 852 2036 4289 4940 2298 102 260 4080 3236 4353 2294 723 1667 4855 3428 1667 4565 335
