2779 2786 942 895 3081 1098 2922 4960 1217 2414 4338 4134 1848 3965 3022 3568 544 4425 1840 3158
3908 2082 1788 4639 436 347 3545 2392 1128 1249 4960 604 4598 132 2131 3045 2993 4487 2450 1709
339 1826 4978 2276 1041 2756 353 592 2408 3796 786 4876 112 799 3489 1112 704 1749 4375 2298
175 2191 28 3996 4817 2972 1026 2399 1128 3053 4817 761 1098 2596 4670 3295 2775 1643 1667 4672
508 786 4507 2960 4415 1659 335 2945 112 92 2238 1173 1837 2213 4698 4168 3906 2290 4208 2139
4596 3222 2500 2405 2827 529 1088 2557 1265 1178 1912 1233 4581 1643 4071 4411 2139 248 3269 349
3483 2611 3053 432 39 2992 1042 1635 960 1354 4512 3882 4263 2470 953 2141 4480 1622 2727 2993
1579 391 2640 4596 896 441 2408 3827 0 1592 1041 3053 831 1819 2261 120 1325 2090 530 4668
1653 4056 1626 2191 349 2517 2338 4876 767 3124 960 708 749 4590 3823 1157 4537 3268 3683 2152
2390 2214 2178 2903 3502 364 466 2191 41 3796 2961 30 4855 112 2133 2611 3223 2993 2191 2415
486 2408 1386 3143 2077 1232 2344 3678 508 2611 3045 42 3053 831 3222 744 1528 593 732 3408
811 3586 2393 2220 4902 1987 2600 3471 3806 1311 704 2674 3832 4860 2399 1347 3075 723 2074 2074
376 1718 1643 2812 3939 3223 4859 2220 2074 3455 1565 1352 4509 4312 1667 2111 1182 1268 1441 2985
187 1635 4756 501 2090 1749 1941 1920 4014 2727 2344 108 3002 3952 3611 965 2841 535 3212 2191
2759 1572 4933 405 1795 275 1788 2191 2922 2828 2717 4289 3822 4467 1991 4504 2131 1590 3670 981
4970 2713 2701 2938 2420 1328 4563 4880 4603 4623 2824 436 3053 2305 2191 1354 3332 181 1128 2131
294 1627 90 4914 1709 4086 3564 3053 1918 2481 1643 1992 3908 2294 3682 2191 1136 443 811 2215
3872 42 530 3483 2492 3923 704 3671 4855 3506 4558 3236 2399 4563 1324 2802 2611 3958 1397 831
1030 17 3907 1643 2698 4263 13 123 3081 552 1786 324 4565 3939 1941 4872 2840 98 807 443
1423 4099 3302 1643 4185 3369 2408 2091 4051 2701 1344 1622 15 2465 109 2191 4569 1176 3796 42
3077 2922 3557 405 1011 4618 432 4501 4872 4845 2408 3224 4587 4012 2195 2600 4872 1947 869 2408
4967 3678 4581 489 602 3471 704 4205 4214 3865 3826 1653 3332 1789 2048 2838 3670 2102 3670 3045
218 4891 2137 112 4310 1098 3602 1954 3670 441 2884 3053 114 2722 2723 1128 381 3906 2271 2014
4168 1083 2015 807 522 908 437 3301 2213 438 4667 543 4894 2408 2701 4342 761 2498 4913 4378
3758 3901 2393 2163 1913 4859 1176 4352 2446 2992 515 4205 2827 1308 474 2738 1136 1139 3497 1061
3908 4044 443 3390 4506 1562 4208 3451 889 1012 3845 1139 1839 4307 1837 2489 1627 3746 1997 3564
397 2191 2130 4559 2774 2435 3751 28 2761 602 4145 2016 2778 2132 1667 4565 3332 1312 15 2824
15 1088 4914 2220 4802 3689 463 3134 2159 1878 1098 2238 1098 527 2935 3281 4824 1889 2521 4891
3218 4839 2630 2846 1563 226 2652 682 2569 1731 3193 2509 4352 798 2393 1088 4065 3341 4827 2256
3368 2101 403 1844 799 2074 1692 707 3696 3465 570 3758 3647 13 2499 301 433 437 4643 3670
1075 2500 2268 441 418 3694 1345 1363 3668 2605 3457 4110 2942 3136 346 1346 2922 2639 3765 2391
1223 1692 2884 3380 4565 155 1667 413 1283 3959 2079 1627 2387 4678 1096 2699 2378 189 2139 4086
1852 1643 1686 2132 2298 4333 4089 3908 4097 3927 1593 2199 4855 2191 1953 1962 4426 3182 2960 3960
1469 721 4629 1653 1109 262 1603 3299 971 2323 4504 4310 549 3908 4855 1014 4240 3872 1427 1582
1172 2220 2521 4211 3751 162 3332 1721 1653 1604 1233 1667 4565 732 1847 3751 1632 1627 2627 2782
3378 439 1878 3556 1397 3980 2993 2191 1210 2505 4500 572 1643 1235 534 3346 4086 2115 3465 2639
3908 4901 405 2673 726 1427 2092 3813 2320 4921 704 4376 4987 704 3682 1458 2775 4169 3222 2191
1891 2102 3133 562 3453 2381 2922 2963 2674 1494 1011 2476 240 2573 4086 3797 4751 1608 2341 620
429 4830 324 1333 3582 896 960 1139 3955 1932 4140 4239 4993 4891 2139 4338 3871 978 4352 2060
2455 4696 4565 1689 490 2191 4736 109 2633 1325 704 2611 3939 1041 4982 3761 4873 4855 3959 1354
3765 4827 1955 4263 863 2177 3218 3678 4649 704 4159 2446 4263 4876 3465 3557 2394 4525 4614 3233
2559 1749 4276 4338 2901 4850 3557 3908 1440 315 1565 831 2739 2414 667 1454 667 3059 4393 4776
2788 1309 1531 2191 36 2611 1272 1837 1818 237 4880 4357 151 582 2613 1696 2507 1726 1913 2678
3363 2191 2611 2191 4781 3019 4563 2139 1667 4601 4934 3265 1217 1848 2298 2854 2611 3851 1235 3223
3908 1748 558 1312 995 48 2414 4641 1178 4565 4631 453 1889 1617 2408 3141 4874 2191 4594 2499
2191 3846 4542 75 2699 3408 1074 3553 2119 2298 2191 3993 4565 2191 1784 4379 2498 232 508 1088
2435 4259 130 1530 4149 1653 2414 4046 1456 956 2541 462 1349 2209 3222 2904 2611 3310 3760 1571
1537 3678 3023 4682 3214 2344 3751 2132 100 1455 3023 4342 241 688 1627 4086 1234 2111 1537 4891
2478 3001 1328 3071 344 145 3045 3906 3607 732 3304 28 2541 2632 4352 2807 3693 2626 3579 3586
1537 180 3994 366 2683 4454 2920 291 2854 4754 704 2294 3459 947 1153 3001 1328 704 3311 888
895 4005 4563 309 4446 2844 2904 3751 595 1126 4698 2857 301 96 3494 4999 1627 2131 1006 3059
4206 4286 2164 4250 1906 1653 218 2131 270 3141 474 4149 4446 879 3939 4512 4913 2391 2320 3678
2036 987 1395 1136 1962 2298 293 2295 2415 4480 120 4086 753 204 4718 2464 490 886 4446 3222
4776 1124 4652 4641 1291 1203 3760 1328 4144 2131 1582 2904 4080 1347 2408 947 1767 3652 2191 3847
2311 2504 3394 1862 3081 1528 4737 2191 1308 3081 981 3045 3809 732 2139 1155 3739 3344 237 3045
3212 869 3077 0 273 2676 1793 3818 4415 4313 3760 2927 4776 2823 2408 4817 1083 4611 791 2579
2727 476 599 3557 2731 1653 3265 4957 4987 3525 1893 437 4487 1432 720 1818 1667 535 3060 1861
2478 146 4497 4315 2888 2481 4149 2027 4827 4086 605 1653 704 1966 437 3682 794 4501 3557 4928
3908 886 3071 2191 2993 2191 962 1426 3791 1687 2191 2608 3516 42 811 2294 2131 3938 4149 2191
3872 4209 279 956 4737 1808 4908 3505 1090 251 3500 1098 197 1141 2393 341 2786 260 438 2826
811 365 4149 3958 1331 3428 1426 4401 3727 1746 4085 4938 1465 2191 1494 486 2408 4333 1041 2565
4168 2895 2739 704 3552 3236 4314 1346 3332 335 2220 4276 437 782 1881 4086 2666 4276 3557 2191
2579 3232 262 1150 3818 768 4270 474 2945 3045 1484 4140 203 2001 4334 2074 3096 38 2854 272
2504 2087 4562 3408 2818 1562 4560 436 4707 4651 3858 2909 562 4926 2447 222 28 2141 2393 895
