1433 2723 3803 365 1726 1324 2217 4966 2611 33 1781 165 2611 550 663 4664 1572 4415 4805 3502
959 3873 1951 227 2142 2131 3354 1750 273 2191 1537 425 437 3022 3760 535 4402 2860 2309 3682
1150 1337 1954 3186 3739 3072 4798 1319 737 2318 2294 3463 2031 4931 2191 451 2302 2176 4297 4435
1537 2916 4868 1067 637 1560 3 2260 2394 4585 2795 4319 1707 2436 3022 4594 1155 868 4342 761
2390 3846 4430 2993 48 3958 1027 379 535 535 1882 4805 4529 2446 4725 3939 4333 3223 2220 4134
3404 4891 3557 4419 2640 4976 1716 4483 3084 508 3146 3465 13 91 3482 957 986 2922 2828 130
4532 7 2315 2030 3081 3651 3471 1187 2611 2706 30 3411 3796 4690 4873 3228 3241 4086 2246 30
4649 4751 91 3507 1342 2788 831 2221 723 374 4086 4594 864 751 3852 2558 3670 1375 41 4574
2566 3403 1346 8 3237 42 66 2898 192 4342 2840 4565 3939 2884 454 4891 4753 558 1358 2414
1560 2991 1088 2837 3806 3958 550 59 3053 4741 869 443 258 370 1041 2130 4052 796 4664 4974
3586 2890 1337 2329 4908 1328 4176 3073 1139 2540 1300 2611 1562 3222 1708 147 1346 2528 4388 4369
3415 151 3670 3045 2414 1947 3751 2642 3230 88 3225 749 2294 723 4276 4012 2611 4289 1757 434
3946 4978 3228 3186 3939 4385 3428 2500 128 3353 4415 3670 643 4578 4353 4287 2139 1072 740 260
4855 1088 2191 2268 4478 1840 4544 4510 204 4538 2393 1739 2164 4819 2072 1172 2259 4626 491 4080
4031 3081 782 615 2131 2074 1550 1233 947 1509 3268 1203 1142 2642 1622 4644 3045 3494 2509 4263
2341 1310 4012 4080 1522 824 4461 2611 3053 3053 2611 1535 4855 4810 2294 602 1230 599 3557 1627
4080 1880 4622 1233 2133 2391 602 4087 2220 376 437 4033 2474 4311 2992 264 3196 2315 1244 3502
4500 4263 335 3494 3727 1090 26 3677 4460 3469 2836 2393 4329 474 868 4702 2408 4243 2044 1368
2036 1976 2268 2640 2580 3215 2256 595 2030 415 4987 349 2733 2786 4941 4009 2579 4097 130 2319
4086 2863 2611 4649 1891 2496 3292 3927 2505 4313 3989 782 2449 1294 3227 2892 4973 720 1572 2977
3933 232 2863 1328 4270 1153 2260 541 4086 2453 379 558 3670 1980 1293 860 3496 794 622 3741
1346 1749 4142 3981 1041 3141 3451 2786 4313 4831 1862 3189 957 885 3030 3761 2954 4495 3236 2399
599 1217 3045 663 2942 2408 1993 4577 4490 2922 4383 1980 1618 1814 2315 3057 3583 1622 165 1632
2927 3396 2465 813 4865 3830 3673 260 3338 447 2854 1818 2844 497 132 2922 2828 453 3892 585
4093 4086 3751 660 544 1793 3535 473 564 632 2191 963 4032 2286 2030 3014 3388 3790 4375 2573
3509 1088 3892 774 4252 385 379 4012 4393 3253 806 1696 4003 269 871 3670 1098 1326 978 960
1653 1750 2914 2102 799 3394 1608 4576 91 4290 4978 2246 1749 4205 2054 1983 4250 3760 2807 4880
4260 2294 181 2074 1401 2982 3939 2598 4080 4999 2474 4378 3434 1622 4071 1525 611 1789 4670 504
1579 4714 1040 3647 2954 3557 2712 1264 4080 4570 4974 3850 2663 2393 2774 3390 2376 2063 3208 3586
3550 3172 500 2696 4364 2669 522 1381 2566 602 1837 2528 2298 3982 4876 1820 2449 1523 281 797
4817 4446 3372 2191 1797 286 4065 3341 665 4224 4350 1532 2615 4086 2474 862 1716 1588 1990 2191
3558 4041 2064 3223 2934 2410 3946 357 3858 572 1906 727 1155 4276 2640 271 223 4487 2004 4624
1533 3556 3134 4471 3786 4565 4067 2191 2562 439 908 3106 2377 3228 3580 2565 2649 2611 4776 2739
2315 3638 4957 692 704 3539 4071 4214 4252 4164 3231 4005 4446 1088 1690 591 2036 2049 392 4333
782 24 3556 2191 2481 4994 3892 2191 2528 33 3019 2935 28 2444 503 3556 1346 1007 1154 2793
1203 3557 3823 2998 4851 831 4205 1205 2408 2435 3586 2060 1083 2949 2074 2393 3269 1627 2623 2674
3404 3647 2621 125 2290 452 637 1508 2627 4668 3946 602 3383 4707 0 3773 2280 2761 879 2132
4021 4259 3189 1040 4725 3678 1425 2191 2507 1786 3986 3611 671 1531 888 123 2004 1140 4086 2843
3222 3053 4707 3659 2611 2391 4012 1158 2521 4759 868 4753 4664 1182 2727 1632 2294 1878 4976 871
602 3670 1969 1088 2087 2139 723 2074 2634 1653 4741 1562 2893 4312 2528 1726 4963 3647 2479 879
320 3079 1511 3674 1150 2594 2132 2113 3595 3436 4994 3408 3859 925 1041 2610 2391 1453 704 709
2146 3928 2220 2450 3678 1321 3674 2392 4891 3056 3236 1726 3467 2698 3465 4763 869 2274 3582 4447
3162 3790 2780 3991 3751 4271 2840 622 4058 3962 2528 811 631 437 4482 4515 245 3994 4619 1830
4206 1030 740 2695 3753 704 3459 4378 4289 4773 831 4012 3508 1520 4086 46 2879 1504 305 1553
1891 1254 953 2334 1497 740 3453 1309 3228 1734 2393 2609 643 1549 1957 2191 2057 1059 4956 1644
2191 2257 631 1862 4537 2415 1429 2807 3958 222 897 1830 4867 2573 42 664 1793 3465 1804 293
3268 1236 4504 4817 3682 3241 202 306 2271 166 3506 1328 4563 2084 2027 3727 365 1088 732 1087
1977 4287 1624 3557 1194 3209 3240 337 4136 1533 4891 4974 28 28 3204 1970 3675 4752 4894 4820
2374 4227 1582 1041 1627 1328 1328 2057 4978 4415 2126 232 4525 4565 335 3019 2993 1452 975 1142
1740 41 123 953 4190 717 3223 3906 1609 2793 3103 2271 2527 1813 1243 1067 2285 2600 3958 3218
1135 2414 3457 3553 490 3220 3218 2826 1328 3770 928 2176 1644 2977 3394 1205 1465 2298 4213 2111
811 2611 4664 1312 1643 437 958 1749 4668 4333 2074 4467 3617 3923 3073 2414 459 2454 4333 237
3201 4798 4052 3965 2246 811 3380 1632 744 3982 1364 4387 3711 1318 2191 1823 4020 2031 1182 2764
782 1033 117 87 4707 4032 4160 3635 2482 1172 1426 2220 2761 2357 4626 4909 435 572 572 1552
1653 4086 4342 2642 2562 1404 3053 938 4415 1132 165 1891 2030 3332 3465 1794 260 2946 3918 1840
2139 2191 2310 813 1961 1136 3678 1455 665 463 1312 1641 4185 1530 2191 2611 1451 1089 1267 3134
4279 4086 3788 3927 4140 1503 2191 3653 2131 745 3670 3001 4185 1352 597 1446 201 1426 4072 3045
3892 3825 2036 1969 3650 4000 335 4086 112 3222 4748 3506 4891 3408 373 3453 4263 4586 2603 1630
1083 3094 41 3803 3611 1667 4565 1957 2139 3991 4546 28 3297 3502 2481 333 4276 4594 4931 675
3647 1676 1408 2682 1074 1235 4565 2194 2914 439 4817 119 1528 1346 2611 466 2065 2929 4185 2155
1788 1442 3045 535 3846 3146 4941 1731 799 2408 1627 1996 2171 3341 1730 1388 3494 4891 2280 1484
826 3053 2031 1214 4487 4056 1069 2131 4113 3524 2164 1040 3035 2707 4089 299 2378 3816 132 1885
414 3647 1827 3878 3169 248 1288 237 1535 1141 3787 4543 4851 2854 2822 3697 1550 1045 2801 3212
3220 4480 2174 602 4581 4338 1100 1632 788 2586 4865 3743 443 704 4904 4851 2325 1349 1328 4442
