2314 1837 4623 24 2215 978 4205 4263 2027 67 2640 3053 3401 3053 3053 3053 3053 2271 769 3053
4600 4736 2615 2520 3053 2910 3650 723 3586 2164 747 599 3252 1692 698 2030 2131 1030 815 2874
1075 3437 0 4851 3330 2621 1604 1668 4776 4056 4144 2857 3994 4411 3778 4270 2611 2611 1373 4263
557 2176 4775 1993 4994 4252 1862 3944 1910 474 3852 3332 4472 4819 2092 1041 3141 4263 2308 3678
4263 645 4623 1142 1920 2586 4616 4214 2155 1363 3602 226 3550 2082 1957 1689 4855 4158 3811 2061
4978 2828 821 692 4855 3647 4736 3253 2374 1921 4805 2191 597 380 2584 2139 4601 3557 2222 3279
4086 1011 1199 3312 4212 4251 4891 3611 1782 98 2482 1667 3053 3053 1679 4315 3380 3281 3551 3006
602 2191 2178 2528 1813 3790 4876 3607 2810 41 2221 2453 4670 2294 3866 2191 2178 4504 4305 3019
2036 366 3586 4700 4149 4957 949 2447 3053 1199 4697 3340 605 4209 2036 4598 1587 1496 669 2039
2298 639 2581 2036 2778 3556 4718 437 155 2051 1230 3033 1653 751 4307 4382 4817 1554 3751 1328
4759 3288 1632 4263 4267 947 841 704 1182 2315 868 4543 3938 181 3187 4817 1784 1556 1980 2083
3346 1337 3879 1177 779 4267 174 782 643 1046 3053 1223 2450 474 704 2074 4461 3141 165 1508
4205 1537 784 2604 3996 102 748 4076 2827 4398 3142 2727 1667 3902 1912 3053 3611 3408 3297 1083
3212 644 602 193 1667 540 1514 1426 2886 3635 2482 1058 2131 4338 71 2828 1188 3683 1098 3241
3363 695 3053 4877 793 3756 4668 1535 3189 1617 1088 4490 3146 440 438 3109 3332 1561 963 3027
4086 1891 2963 1667 748 3813 2963 4897 3760 264 1648 2914 482 2818 439 2504 2093 4197 2191 4252
441 3908 4446 1338 3965 2074 3081 3139 2078 4502 4378 1692 3939 3053 2288 1983 252 2946 2074 2074
3437 2528 4315 1975 1627 1616 2139 1891 1151 1741 1592 3156 1321 2999 1346 3332 170 1913 434 3053
3465 3773 364 831 2377 2408 2602 223 2191 3357 1913 1453 3852 4425 2631 1643 1837 1661 1562 2699
645 3218 4759 3502 508 3852 2993 1346 2450 1418 3404 3908 780 999 2195 2038 108 1667 3557 535
770 4352 2552 2918 3053 3053 3053 3053 3408 1659 2611 1458 4092 4847 2407 4659 3852 3506 3366 4144
4134 2084 3811 4270 542 3133 3508 2791 248 2118 3022 3760 248 3500 1155 4645 4860 1530 4080 3331
1535 4855 1223 165 4817 1328 3556 3586 2230 3366 2030 3252 732 3307 4352 3670 419 2191 1537 59
3212 669 182 2004 98 4817 1364 298 2446 1848 4086 885 3082 4208 3608 4030 1426 3908 437 550
3212 2446 3729 3457 3579 4214 508 4855 3643 2191 4133 2898 4033 1346 4149 1653 1235 3097 473 3561
323 1667 4565 3457 3159 4803 2854 2212 4963 2307 1088 3709 1098 1891 637 941 2308 1108 2611 3405
1757 605 4709 1098 466 2191 4098 2191 569 2191 3936 4415 782 3853 1749 2131 4532 3019 4379 2109
437 50 4365 88 1476 1530 2952 2084 507 4094 831 3790 2922 3586 4325 4703 4903 2815 3927 3611
3946 2087 452 1141 4756 2945 1667 4565 1184 4140 3401 4439 4570 3908 3208 3357 862 2973 2191 4357
4817 645 4678 248 2950 4711 2191 2423 3765 1337 776 2611 3769 3415 2481 171 2922 595 748 4005
887 4963 1364 3727 1601 535 3865 280 4012 2139 843 2393 4800 1469 4914 4258 2922 836 4537 1175
3946 1450 1069 4005 4415 2922 2042 2828 3045 2450 4438 1214 2082 1667 1731 1590 2492 2142 4307 2828
1140 2408 1081 1439 645 1147 4205 313 2408 134 1627 613 2298 3553 2102 1432 1131 2414 3220 2137
2993 3539 2238 2191 4670 1346 1791 2450 1748 437 3586 2268 3994 3946 2308 821 2721 15 4563 3408
789 1465 3891 3994 4974 2139 2191 1708 1891 2191 2176 3190 3549 4565 862 248 4314 599 605 4506
3162 4379 2914 439 2827 3939 2922 1844 2793 260 112 4563 2998 2824 3415 1346 4796 947 2499 1582
505 2554 2627 1172 3676 3212 3908 3852 4495 4185 1088 2137 3652 850 3831 4076 1326 3772 1310 437
3099 131 3967 2177 2079 3765 486 559 4891 963 868 4907 4095 1667 2828 2949 1203 227 123 3525
2756 3340 3610 2840 193 4077 412 155 508 645 4919 3751 1571 4035 3556 78 4786 2084 4643 1075
3099 4559 1286 466 2191 602 1709 4872 1128 3053 1346 4913 2220 2914 708 2061 4311 1116 2357 4270
2481 2450 3744 3607 1653 3332 1757 1642 3454 3813 938 1979 4716 576 4314 4784 3183 4994 4918 349
3224 3553 2074 3852 3415 3103 432 2391 2611 3045 3096 2331 3480 1667 3902 704 2240 2191 2992 2878
782 811 1098 2935 3081 4602 508 2067 13 4032 4342 2721 2639 2457 1421 3236 4140 4342 3465 4237
811 1975 4480 1985 3959 3851 1967 1813 1321 379 195 4565 2131 2221 850 4668 3761 1158 1627 3231
453 981 2191 1469 3509 2191 559 1363 961 2655 2197 4691 2450 4318 3577 1431 4529 1235 1395 2360
3181 4639 1033 3557 3986 732 1418 1653 3311 1064 2573 2912 2778 2141 280 2393 1814 4546 357 1108
3212 2691 123 3586 4546 1653 2031 165 403 1328 2834 1920 2860 405 4398 3456 4851 2166 4080 3725
1083 2288 2426 2178 75 1690 3103 2598 2972 2191 2356 83 1205 2922 2828 2218 3760 879 4378 429
448 2520 133 1432 1616 1993 605 1088 1348 879 2628 2810 2611 2298 693 3053 978 3852 4891 2131
1537 4263 3484 3448 4467 182 732 2041 3773 1885 112 2271 3586 2439 4668 527 2446 4718 2828 3906
562 4967 2727 474 3674 3773 4016 1426 4537 3939 4565 1689 761 3408 1178 195 3053 2042 3383 4287
2642 3670 441 708 1098 2951 941 463 2120 1711 535 3939 1098 2318 1221 3294 2900 558 2860 413
3346 1362 2630 2802 2788 4964 1470 1318 2220 3494 3651 2408 645 2922 2828 4978 708 4046 4406 4352
3603 4086 4010 181 4131 1203 698 3053 2854 3965 3453 2898 4086 1813 2609 2756 1194 2807 1645 2727
4704 4754 3852 2922 2828 4205 3082 255 1622 2556 2467 2131 1568 4352 1689 3939 1308 1234 1405 2089
355 2611 3045 4576 807 550 1301 4044 4876 2611 4140 1531 2993 1375 3994 2176 723 4276 4495 4086
3513 4005 938 2320 618 4515 2826 440 2038 1659 3743 862 1096 4565 2221 1947 1814 2139 3146 4877
4010 1041 1333 862 2611 2126 1973 3751 2853 543 2576 2271 1088 391 2139 4891 1532 3674 1855 1328
4827 1311 1861 3572 3469 4411 3022 3678 1726 1653 3134 4963 2030 4674 741 4495 786 3758 1098 4379
4596 4000 3977 1234 2298 94 4230 3215 3439 1695 4861 1101 1335 3106 946 4065 4312 570 4698 1860
602 4206 2298 2337 1455 1178 364 940 1653 90 2854 3053 1199 3408 1268 2699 151 874 4512 4897
4532 2257 3045 315 2176 3894 704 2440 3223 3279 2786 3651 3032 4504 3273 3991 1041 2727 1561 2415
4307 837 1743 2935 175 3934 2733 2698 4993 3827 698 258 3022 4537 419 123 98 3401 4558 1110
3414 2271 2863 4873 4214 2408 2611 1840 3994 1788 2528 271 3678 112 3045 1685 2176 2388 737 3082
