2408 3045 850 868 1679 940 3674 538 2874 2222 2779 1045 2552 4442 3813 4123 162 2155 1382 4333
3496 2828 1562 3301 3858 2747 1528 4672 2063 2180 2922 112 1362 2118 1176 3994 1098 3465 2407 1349
2031 2678 1848 2802 4382 2481 1507 2323 1966 4957 1969 1667 42 148 1731 3595 4249 2414 4546 1128
599 1390 2498 1980 1083 4402 1726 3053 4214 4086 4080 1061 1366 981 4461 4798 4851 2782 1545 2004
3368 2499 2450 3908 2217 743 41 397 1667 4565 4978 1338 4076 2139 2191 1136 3241 4263 275 3465
811 1308 770 3081 1155 3602 4866 766 4660 2305 1908 2922 2528 3908 1659 2408 2221 4246 4817 1140
1820 1980 4287 2865 3984 4446 1484 2288 918 3946 1957 4289 508 2075 1632 1550 1346 3096 3938 165
1653 704 3598 3449 4420 956 1427 474 3076 3038 4481 745 1942 4342 4076 204 28 960 1413 227
782 3471 1821 2962 4960 527 4594 3729 3850 2641 2992 3559 4122 2030 3865 2408 202 4784 1299 2881
1704 1653 1918 3734 3611 1840 602 1346 2707 3557 2259 4379 4976 3045 4623 1235 4523 981 1878 4271
170 885 3409 1709 2176 3223 4978 4830 3252 3408 3143 3892 2133 4375 1734 2111 4611 3570 4010 1977
4185 3586 2701 2611 3934 4957 3939 439 2191 2717 4868 2727 910 3236 1088 3525 4627 2084 2922 1957
2197 2611 4737 2856 1588 1533 1784 1991 437 2529 98 2408 4655 3813 2242 2408 1159 1913 2956 3674
4286 4717 72 3790 1194 341 2131 2415 1618 559 4855 3252 732 2777 2476 2482 961 629 515 2322
3908 3019 4817 1328 704 886 4542 324 4034 3582 4698 2394 4962 1365 179 3181 1622 4670 1689 1041
3218 3087 440 897 165 1147 4634 2266 3053 1088 1844 2393 486 2408 882 3734 1155 2139 1566 3140
667 4185 2611 4580 3039 3053 4378 2479 704 1893 2027 3408 2624 3791 1588 4986 102 2980 1294 2528
1627 1643 4465 3494 1324 4902 2574 4501 2840 1109 2865 572 542 1088 3946 2838 41 2661 1712 963
4206 829 1205 1020 3134 3982 147 3546 2528 2191 2280 397 474 377 1643 4465 572 26 2628 2942
1653 4086 3190 1347 3658 4877 3059 3184 2257 3045 3004 2661 4218 107 2513 1840 1338 732 4565 315
3437 1814 2611 4394 4668 1047 3507 4496 2611 2049 4086 500 2139 3892 1066 4449 1235 3408 4144 2315
3908 2314 2322 1958 3891 4678 1426 2131 486 3287 569 844 1726 3494 65 2215 15 2699 2585 3053
486 751 364 3647 1692 1108 30 4390 3760 2362 2414 3181 4952 2516 2802 3411 3906 1627 1622 4382
3683 292 2938 2155 4908 1055 2294 821 2294 2447 4263 315 92 275 1301 322 3855 3279 1975 2446
1066 3748 2450 809 4037 3584 2621 3602 3647 4891 2150 4287 4748 4214 963 3906 1057 144 4125 2049
3218 962 2828 2119 3022 3826 1973 2025 2111 3365 3482 4604 270 389 4104 3241 2061 2642 4080 2257
933 2067 1592 125 1088 3939 1098 2294 1667 4042 165 1837 2377 2598 4411 963 2611 4894 2408 1689
2481 1132 2337 1349 1941 704 4477 1136 3944 821 1839 4205 189 4772 2293 1474 602 1692 3106 3218
3378 2399 227 82 549 4080 3117 1557 2856 3272 3053 3014 4231 4565 437 2954 3557 1793 201 2031
2089 3563 4263 3651 1395 2131 4372 1653 2854 1956 1531 2334 384 520 546 1951 1232 4352 4577 799
4143 2280 4717 2334 3053 1627 4037 1961 30 2597 1561 2030 3107 4978 1774 280 2599 2673 2435 3670
811 1891 3707 473 829 24 2838 3852 28 3053 4667 4441 2849 2271 596 2415 2191 1548 2223 1670
4759 3144 1692 2031 3408 3958 2119 343 2113 3073 1653 2993 2191 4446 2528 94 2408 3045 1041 1040
2640 2393 486 3287 180 1707 3636 3053 446 706 761 1741 3081 2349 1426 2542 2611 1041 3218 270
4003 3845 478 2363 4457 704 4865 2084 811 1857 2322 3014 474 379 1731 1120 415 879 2209 1956
1328 2408 1142 2476 1840 3860 4426 335 2139 2890 3207 4517 657 871 4467 885 744 2079 2334 602
1993 4446 2874 4205 2036 3045 3852 2481 1333 3725 2450 3508 4297 4381 2320 3742 3146 4080 4911 4817
2818 2788 4835 2408 1041 1041 1041 1041 1182 4565 1413 4511 3053 2467 938 3748 1346 3267 4914 4652
3404 4891 2139 3892 3119 4144 1757 1041 2314 4289 583 3202 561 895 737 3646 1182 3081 3142 602
3756 4122 365 2611 3022 1993 4255 4668 3751 2049 4364 2600 1560 2445 1418 1457 1393 2393 4672 2854
1627 2255 2874 4385 1150 550 3066 2378 599 1002 4855 2380 3496 2735 4086 2611 2180 3751 2611 2723
2111 3917 1627 1402 4800 2554 181 1862 3996 4241 2347 1622 1689 3496 3760 4279 2812 2972 2139 489
602 1580 4696 1653 397 4446 3022 1667 1272 3513 2573 801 2139 163 90 4799 622 3867 2194 4542
1808 693 672 138 4113 4851 998 2611 811 2292 4267 65 2909 4832 4659 593 3465 4089 2358 732
1600 2625 3130 2176 4486 2640 4504 2399 1418 2838 3332 1711 821 1820 2639 3045 42 611 2191 4906
508 3186 2693 4543 1622 602 1346 2512 4565 2176 545 4972 1996 3228 264 2883 1874 364 3146 789
3908 4416 828 1572 3908 1322 3790 1726 1253 3525 2661 3228 3852 2827 4973 2280 294 602 4415 2556
2687 1125 1041 4604 3241 744 341 3767 1979 544 1425 704 4664 3218 1780 2221 2178 1303 1571 4604
4393 3053 4596 3236 4342 4596 4438 1027 1632 3751 3678 3105 1334 1237 1312 941 2338 2191 4713 3705
3483 1199 4748 3053 1088 324 1397 3982 2266 2611 1088 2290 3739 864 4576 448 2271 3828 389 1088
3586 704 1187 2268 2786 1478 4751 3927 2074 4276 1839 1708 2542 3273 977 4469 1856 2264 1659 4504
4411 810 24 3968 811 2074 3582 3852 4872 4861 3212 2611 3081 1155 2922 4270 2229 4938 3603 2993
1395 4214 3401 3840 2131 4565 2150 3057 4415 2999 4050 4504 4276 3852 4086 1711 2946 3546 1418 817
4206 1447 3420 527 3053 1346 4246 1366 0 4209 864 4978 4319 2074 3072 3579 850 452 4748 3332
3093 682 3045 2537 4177 2320 2139 1336 4496 2087 1058 2528 704 201 1470 2298 4317 2854 4195 3326
3389 4376 3563 3678 2298 704 3677 2482 1187 4894 730 1661 2504 3408 95 123 2368 698 3241 885
4259 4948 4263 4033 1419 770 376 1523 1199 1622 2220 4817 2415 811 2268 841 3651 2344 4052 28
1778 2178 3611 4352 4352 4978 4839 3845 75 2217 2890 4475 3045 2268 4765 1328 3368 3408 2358 2415
562 837 2786 800 2779 2435 4319 3739 4565 2564 2131 1910 1878 3758 2399 1093 1622 1126 4478 922
1083 2564 831 1381 3611 4446 2408 1489 2504 4319 1788 895 2087 978 4891 3001 4590 2764 4999 2922
3162 960 4817 1041 1041 4565 4446 41 75 4185 2176 4827 748 3273 520 1914 248 89 1622 3045
3826 1088 4338 3670 2760 1578 2225 3852 2414 3852 704 2082 2191 1142 2644 3663 1418 2302 4817 3273
1750 2414 862 491 3334 2639 4154 3045 3211 1667 2573 704 1851 4333 237 1046 4859 1622 3609 679
4168 4493 1635 3378 1465 705 112 1089 4830 2528 112 2611 3053 4802 3408 3200 2600 3401 3483 3053
