844 659 2426 2611 3556 4199 1741 1913 4425 4542 963 922 2922 947 474 3234 1653 4776 4076 2993
588 4086 3256 2600 323 1667 3977 4205 3401 3268 105 4565 335 2155 3872 4706 4461 4500 3073 1582
4168 1709 4485 2030 2611 3134 2435 2749 2414 2845 209 4774 3960 1346 431 2364 2414 4546 1199 1139
1433 535 2600 4049 3958 3528 1012 3751 2611 2874 1041 1041 1041 860 2166 1030 1627 91 2879 2408
1234 631 3580 599 2415 1689 3582 1689 2726 4718 233 2477 3437 4670 4978 2061 3364 417 2814 4010
3908 3416 589 3292 559 1164 1088 4668 4423 4817 1041 2662 1653 1972 1889 3586 3861 4446 3214 864
4206 4415 3494 1172 1041 48 4333 2844 794 1439 4415 2415 3401 4891 3081 3411 1426 2721 981 2600
4495 508 2110 2259 4594 895 3619 2031 3408 3703 3939 3586 454 2298 4565 387 4551 3310 782 530
4623 2137 2640 3218 4664 1268 1572 1837 3420 1465 3053 2288 1417 4128 2458 3751 4215 3288 3311 1980
811 3899 490 1643 1201 2294 3745 2392 1166 4263 3665 2611 3080 2102 2360 2472 1837 2004 4859 2090
105 4378 4565 148 1249 1253 4504 2643 4727 2683 2345 41 2132 2111 3994 2352 3610 2779 2408 1363
3306 3990 704 2393 545 301 4329 2414 1417 436 335 941 4642 4756 4855 4263 2298 552 112 4784
486 2268 4382 4533 2789 2556 3678 3404 3541 4032 30 1792 704 1094 1504 203 4574 3760 4939 4102
2642 3790 1364 399 1300 3031 1232 1338 3833 4263 1991 4184 3019 4149 2450 1321 123 2505 2100 3939
667 2595 831 1692 4415 4263 4670 687 2393 2738 4037 1991 3150 4875 821 1142 2217 2271 438 2312
4500 3818 487 4086 2030 1947 4097 1627 2735 2529 4014 3685 2388 2391 4378 782 2935 2593 305 2528
3218 1992 2824 751 1686 1891 4247 450 3372 4401 3187 1080 2499 4122 2914 2102 1455 165 1862 4751
3751 2738 1045 2992 2600 1601 1325 1136 4394 149 837 821 1475 1328 2498 1142 1126 1885 4565 2113
3363 860 510 685 1818 4478 4510 3813 2727 2611 2611 41 4151 2986 2415 3045 698 2288 1558 2640
644 712 1839 1593 466 1972 706 1622 1622 1113 1142 4305 1625 3996 28 4522 4978 1782 1653 3236
1155 1582 4670 2294 4019 1088 669 1627 2221 3583 4952 687 1627 704 490 2191 2827 4382 1910 4565
2938 811 1457 1956 1203 4565 3658 1324 4154 4891 1982 4446 3022 4010 3677 2573 2269 4817 2611 3934
2935 1235 1310 984 1098 816 3963 3196 1014 2774 1454 2520 3045 2030 1794 3852 4891 1366 2898 611
1126 4873 1622 4957 2500 1582 3851 422 528 4662 77 1342 1977 3860 3126 3411 4796 980 1851 3830
490 667 4287 2298 2391 2611 1439 2393 2191 2513 3996 1991 1615 1067 3919 3556 626 4577 515 3676
1069 821 2786 3421 74 2345 2500 3547 1240 4214 771 4205 4480 1622 2191 474 4304 2087 4140 4798
2191 2827 2399 869 2308 1667 4978 732 273 2605 4314 54 1748 3714 112 4052 668 669 1627 478
3908 4319 4851 3635 2460 4674 3689 1913 4123 120 2600 3248 813 1234 3469 1083 264 917 767 3045
1328 4699 3061 4796 874 2391 1667 771 831 3252 2268 1531 2133 4994 1858 329 897 3710 576 4565
3908 3019 4596 3494 4263 4104 1784 2778 4678 486 2109 4537 2652 15 1784 2774 2394 405 2564 2922
3831 1561 527 2564 782 4473 3039 4507 1088 3465 2376 782 2812 4623 3442 939 974 843 4019 4230
1418 960 3268 4506 3820 1088 474 3133 3790 1136 675 1572 2661 965 1556 4957 3045 1336 616 437
3884 2074 4276 2155 2203 2005 4393 1818 3556 1287 342 3045 4322 885 1590 2446 474 2360 2320 3958
2779 269 2877 4791 4252 1106 2246 2585 273 2890 1627 4588 397 2132 3651 4914 4337 1542 2164 1748
3996 4083 1448 4668 1150 41 3413 2246 3727 2031 1317 2271 4051 1929 3796 3385 15 549 1022 2903
3653 4263 1268 562 3218 2297 2709 1188 2393 3300 549 1300 1458 2337 166 2728 1827 3271 28 1054
1126 645 2414 1098 439 871 315 4254 2132 3144 3506 4401 1891 3218 4675 4089 4718 1794 474 926
2742 1083 3748 3215 4461 3556 4325 1138 4378 1980 2012 2191 3186 847 4860 1132 1349 4211 2786 1784
3908 2642 1653 885 4817 2993 4446 885 486 2921 4565 1453 3401 2109 4827 744 3840 3992 4799 4582
3939 2529 2611 1303 3190 2508 2298 2653 2272 1325 2727 3080 1320 3218 4914 3540 2450 2393 602 910
508 497 3045 3146 4191 1934 3045 2633 4817 4515 2556 1346 374 3880 2775 2572 1455 3349 1476 229
2300 2640 2707 2415 4711 3408 4711 128 2407 4865 3146 437 2079 2320 4840 3218 971 4668 50 248
2507 350 3074 2739 1622 1837 1213 4817 4014 2087 3014 1918 4891 545 740 4446 3285 2399 382 2225
4738 3045 1804 698 2828 102 2828 2126 1734 2756 2415 2450 26 3977 4397 4185 206 436 3099 3411
4967 3389 2611 3196 4798 3790 1577 4668 1171 4947 3957 1583 3404 3670 1977 2922 4342 3908 4032 2131
3287 464 1217 148 3045 45 508 4978 3288 890 4879 821 1120 2031 4208 4817 254 3236 1891 3703
3677 4700 4855 1692 4736 3139 2482 81 1228 2113 750 767 2146 4560 1864 2111 4596 4672 651 2030
2779 4086 2498 3813 2600 31 4624 3586 1840 273 2673 4817 3751 3977 4909 2449 81 1582 1789 1568
831 188 1155 4444 1627 3611 41 1603 476 2393 2285 3411 4827 940 1507 2547 2774 3654 3790 739
2075 669 3586 3378 2408 3222 2074 4851 2611 2087 934 3408 693 4376 4993 1653 759 3654 1088 3855
123 62 4263 706 570 3852 2611 3257 3241 2211 2393 4279 41 4214 4279 1354 474 151 2958 1780
1740 1328 2142 2323 1743 429 1861 2857 4025 2221 2598 4415 2528 165 437 3252 2945 3582 4446 4994
602 1142 587 2309 1124 2727 1748 260 3900 732 1365 3920 969 1136 1977 2709 3716 3556 4537 1910
4140 2498 3053 3053 3053 4209 3077 2922 1789 3701 2849 4375 3607 2031 4086 269 1830 4855 4870 666
2901 2302 1232 1321 3928 181 831 4678 1039 2644 4352 3448 4446 895 3081 879 3830 3603 1294 2098
3908 2302 4437 1888 3437 2483 3525 3584 466 3850 3749 2238 3853 3022 602 708 3105 4523 404 4786
4342 4463 836 4189 3620 2513 2761 1310 3279 3341 704 3059 2205 4862 1223 1142 1325 4891 3588 3054
1537 341 4185 174 1253 2528 2399 1088 4307 1913 474 3958 998 1818 4446 3408 403 1970 889 4114
324 1347 1533 4086 4247 3006 1136 3212 1923 4417 981 4342 41 637 4089 3139 232 981 2007 3852
4080 1537 4263 1991 2090 436 486 862 746 4994 2642 4678 3081 3496 3366 1098 4089 2191 425 3057
4759 1088 1977 4778 4702 864 4034 463 4462 2036 564 562 490 4269 3845 4307 112 2018 4263 3337
1668 4270 4879 3128 3096 1484 3607 4791 2057 113 3674 3045 3685 4913 3302 3830 4597 3241 4978 4729
4168 4862 3428 2963 4765 3241 3214 4287 1142 3760 4071 385 3050 4263 2191 1776 1321 1335 4597 2922
4602 1874 1126 3146 4737 2727 583 4342 2414 1840 862 4446 439 3670 1980 2146 1753 3465 1667 953
