3796 2178 439 3161 3149 3252 732 1080 4789 4507 41 898 828 2315 4590 1910 4933 1627 2983 2945
3368 3846 81 2481 2673 4974 2639 1749 4851 4565 1857 2827 4769 3273 1667 3557 4998 3019 2874 155
3230 4407 3184 4287 3564 2700 3218 1604 3241 2498 4364 4086 1012 1195 3684 486 2111 2611 237 4137
4093 1321 2566 1147 2315 354 2841 3546 3936 4879 1142 1244 4411 3674 4542 1041 4435 3586 2698 1844
1518 176 1189 960 1088 3738 2007 4908 1577 4446 3891 2032 1057 4539 2791 871 2408 3556 3006 269
4717 828 1750 2827 4978 2828 4562 1098 4664 1980 3547 1747 1726 3527 3421 2423 3557 1667 4565 2191
508 2668 3164 2280 2498 3710 486 4850 3053 1818 2495 3670 2953 2074 4851 2007 1767 3851 3991 3557
2579 4465 4873 2408 1439 3827 3330 437 33 3813 1530 2806 2613 4696 2020 1689 3756 3756 1993 2723
340 1690 4254 4670 3189 1040 98 831 102 377 572 3939 3742 4252 1088 1346 1124 2280 4504 3670
4286 4827 1913 4012 2611 1780 2450 3222 2030 4595 4902 174 1749 3081 1465 1818 2394 2611 3225 2174
4500 3685 4708 4296 831 1822 4891 1324 3908 2747 2280 4263 3282 1129 4802 2444 3451 1301 42 1027
4759 3134 3053 2246 2828 4403 3469 4308 602 2391 3452 2191 1308 4044 862 1484 656 3549 2884 4012
2935 750 2500 1667 4442 120 1590 437 2212 4398 4798 3328 4352 1726 374 381 4086 4670 1409 3082
2257 2290 1088 2639 3045 1469 4855 474 2727 704 4698 898 454 3502 2049 3847 4685 4670 2113 2900
1416 1918 2414 667 3670 899 564 2036 4772 1413 3236 123 177 811 4243 4987 1622 2918 2482 4338
4086 2513 572 704 868 3509 2061 4270 1523 2191 262 3525 4352 4978 4978 811 1805 2217 1565 2119
117 1426 2302 1234 595 340 4263 761 1283 3556 3549 1878 4827 3141 2238 1098 1961 821 2470 4197
834 1653 278 2139 1454 4446 3969 1132 437 4515 4724 1942 2131 3989 201 2154 4415 2611 228 3586
4206 321 3907 4523 335 2344 3154 3496 254 4415 1625 3607 2854 4511 2272 3739 1075 3321 2884 3906
2752 2611 1268 744 3642 2627 1098 4061 1465 3181 2778 4224 3187 3184 2087 3557 3437 4665 3678 4788
2257 3212 439 1565 2414 732 3355 2191 3760 577 1426 2049 1392 2533 4263 2176 165 1125 1478 1789
3045 1470 3586 2393 2890 940 758 3410 1910 3994 856 4817 4876 3448 4779 376 4970 4211 2849 1663
4263 1930 3182 3796 3219 4446 4282 3946 751 4575 2450 4913 2642 1653 3607 260 270 141 4378 3670
1412 2139 4255 2293 1088 4033 787 2068 3790 1364 3022 2191 4252 602 2719 2393 2585 3218 4435 2344
486 2238 4263 1112 4029 3582 3082 2139 1757 4830 3996 2191 425 1252 4289 1345 1973 1767 3457 4125
4093 3547 945 4273 2727 4089 3081 4817 4467 2393 2827 4078 4086 963 3388 2052 4879 2552 2731 571
4759 130 4466 4978 3241 821 3845 3053 3053 1734 3772 831 4856 4010 4465 3134 3542 4552 2611 2191
602 508 1562 767 1767 4967 4490 2611 4308 895 574 2176 2399 2309 1604 522 542 1525 2898 2049
4906 2611 2019 720 419 3053 4891 2642 1203 315 4840 1277 704 2639 1286 3790 1203 1653 4604 602
3723 4221 2639 3465 2045 1447 878 798 1199 1405 419 1328 1298 3444 4252 2408 3906 4011 2298 1098
3908 1041 3053 491 1286 4085 2292 3378 101 227 1530 3106 3820 2074 3948 2849 885 2553 602 3218
1040 1522 4357 829 2137 4900 4827 4448 3085 1837 4879 294 437 4928 2238 2191 1088 1004 161 2599
1172 1788 1328 313 3045 4076 2139 4750 4678 1487 4529 2139 3674 2027 3241 437 1478 4280 2580 4865
1692 4565 2053 4913 3962 2499 3670 631 4800 1375 1476 450 3273 3899 13 4546 3939 737 4879 3611
863 1537 1328 593 704 3739 4123 1746 3767 2963 2627 2280 1743 4086 2061 3790 3790 237 296 2564
602 770 2087 3832 3146 3553 784 2455 3796 4071 4199 4572 2450 3022 2131 4263 4071 4315 163 3677
105 2733 4668 229 692 1532 1701 3248 591 4012 1440 3954 4476 2827 2139 2191 2423 1689 1046 1667
4512 151 1607 2859 3190 4536 94 2321 3252 1203 3042 3996 4698 2450 2131 1286 698 4263 1741 3001
2431 3908 4032 1908 4149 2298 4737 2191 2600 2788 3341 1661 2139 3106 4709 1523 2739 3085 3311 4263
373 1471 2504 546 3494 3022 4224 112 3672 3899 1954 4976 2611 1780 1947 4986 1889 3053 3080 1089
987 3019 4338 3845 1261 782 2393 1249 164 453 355 2611 1749 3582 2838 980 2528 2427 1689 469
3530 4891 3946 2139 165 3582 1622 4672 2756 3813 4378 2118 4325 3332 2394 3139 3906 2376 3066 565
1469 4698 3892 3431 2034 4076 123 3996 28 874 4672 1465 1627 4086 4263 3707 1067 1199 2139 3892
3346 4352 1177 75 1418 4394 2309 2268 956 761 1740 4604 3444 3608 2849 2320 1194 123 1572 656
3908 4279 1993 2049 1653 4840 4621 4080 3962 3655 2667 3451 1345 2074 98 3028 2408 779 4487 4144
4307 2399 4115 978 2399 704 4558 4327 2950 2778 3146 3549 466 2385 145 3860 4851 4001 2639 3958
3162 1913 2399 1088 2972 4855 3492 2466 4941 698 2377 4989 2399 1088 895 1312 3852 269 1607 850
2082 4800 3758 4378 297 3081 714 2414 691 4176 3114 2505 3563 3813 3678 2494 41 2889 869 3831
116 3996 2513 2109 2006 1689 3228 1627 2308 1667 748 1186 4751 1136 1693 4452 3081 4446 527 112
3908 3586 1840 473 2373 2727 3564 602 831 4877 2122 3134 2450 4836 3022 2092 415 3019 1338 1851
4206 41 4601 2600 3965 4214 2633 2031 4876 4097 2528 4478 3977 4729 1608 4364 3725 3667 1076 3908
4865 452 1182 1844 2111 3494 4087 4994 2815 3586 4240 4372 257 216 3306 15 4011 3383 3189 3547
3222 1919 1294 2399 491 2472 3858 2415 343 1064 2993 181 2133 4149 2191 2433 2238 181 1903 2915
2300 2838 2774 3557 4352 1064 3613 474 593 4913 2102 4542 3557 2843 3096 355 3081 742 4444 4287
4071 3432 2649 474 2639 4276 2963 1094 1495 789 535 1141 732 4963 4214 3675 1980 486 723 443
4352 240 4855 4859 4300 4798 4664 3279 1088 2674 4919 42 3053 4830 1347 4718 4056 1418 4094 2820
3363 1321 3970 1039 4817 610 1488 4948 45 2944 2914 1338 1439 1308 112 2302 4446 2564 3236 4449
3939 4851 4817 1041 782 4621 2657 1789 508 864 663 2611 569 4860 657 379 4333 98 986 2257
3772 4140 2884 1125 1980 3557 2191 2178 2393 1172 1726 4623 990 1458 3565 3387 1253 704 558 4913
1040 2856 704 4010 296 2368 1969 2914 1891 1891 4745 165 602 102 698 4891 3236 1969 1667 3408
2579 2828 4086 4602 428 1324 1205 3751 182 1842 4446 2139 3938 2315 1196 1088 3932 720 704 4166
3246 2061 4851 572 1651 2244 2773 2791 1318 1310 2074 2191 2922 4891 2904 1942 433 1294 811 4378
130 2357 3678 2735 2290 1878 1862 4032 4891 4800 4044 1421 466 486 2408 1998 4751 1608 704 2573
4779 2037 437 3390 4353 2828 885 4209 3751 3252 3912 2644 595 1312 1199 2074 661 2208 4338 1959
