1579 4475 3670 1433 682 4322 1000 704 4210 2828 3767 3272 1823 2611 2854 233 3053 1088 3680 4966
1040 260 1851 1785 4149 1784 365 2447 1532 195 193 782 232 562 4737 280 3818 123 2070 341
2918 2826 786 1275 692 3892 1588 130 2364 2074 4276 400 2860 1632 1532 4860 3977 1818 2087 4366
1891 2139 3554 2408 1851 960 226 2139 4963 876 3366 3557 1659 34 2256 527 3916 4461 2699 3670
1660 1088 3908 3534 3678 2430 2708 486 2504 527 2344 1891 102 3883 1033 799 3103 4947 2564 4784
4649 2410 3372 3846 263 1205 4756 799 3683 4512 3586 3241 2696 4668 3409 4891 4772 879 4817 4651
3908 1242 1142 1653 2178 1315 4998 3790 240 1627 2513 4855 1494 2666 3513 2257 1556 2727 1973 595
3009 3598 3022 3784 4166 260 4086 1810 3035 2780 4263 2308 694 879 1356 4315 1437 4621 2209 2922
602 550 62 803 4086 2257 2191 2611 3306 3939 3085 3019 1136 3670 4487 1731 2408 4461 2874 876
895 577 2238 4736 2132 2863 3411 908 486 4270 263 4415 4798 4366 4052 364 1678 3241 2221 13
3908 1126 2074 1364 1128 2090 4012 4860 2191 1681 227 4086 4086 2049 1058 1146 4914 3674 4626 323
3230 3670 1150 2481 3273 2036 2450 364 2061 3670 1757 1346 3678 2049 3295 3236 3652 1405 4090 571
1891 4827 1502 2498 1205 3494 2047 3683 2294 1604 2828 3408 4408 4913 2131 3289 2139 1622 744 2807
4259 2033 123 1954 1401 4576 2778 4736 3616 4333 2459 2727 3669 308 4796 3832 2305 3994 72 4577
4672 3147 3075 15 248 2344 3228 1373 4337 4698 740 4417 4642 4994 4529 4176 4817 4908 1155 3647
1150 831 2132 3408 2860 1500 1593 376 2498 484 1556 2294 341 280 4798 4603 978 4577 515 2446
3758 2030 2383 3457 708 3465 1704 753 49 264 3486 432 3586 3045 3465 1622 2393 4902 4252 2131
1347 3674 2733 3934 508 4094 4891 2393 3262 2093 4736 1625 4978 4978 3996 1069 761 2030 1797 4796
3872 155 1041 930 2611 1223 1627 542 3710 2865 1891 572 2031 4342 1692 1213 740 260 1346 3852
2962 3602 1254 41 1972 4798 65 4205 3502 3236 1311 619 2280 2932 4935 3080 2805 1530 2674 4401
3316 3045 3467 2922 602 3695 3806 1102 4668 3383 2922 2828 1083 1451 1910 3273 969 474 3727 3711
1328 3991 1338 1604 1830 2462 4773 3607 4590 3011 28 3465 1434 335 960 960 2061 975 3437 4563
585 1083 1328 3496 1336 1069 107 4913 1864 3234 1128 3368 1088 4890 1735 4315 3045 2700 4086 2121
850 1627 1052 811 13 376 2649 1550 1112 2655 3756 2159 1626 1980 164 749 4084 999 4983 373
4504 2446 2030 4687 2315 4798 2854 2049 3420 2521 260 2640 3215 4042 895 3080 704 2957 1791 50
2036 4670 3181 4546 2689 1310 732 1417 4831 2338 2221 2308 2246 2481 2115 2521 3586 2295 530 3081
1083 837 15 4202 1088 3105 3790 3045 4827 1316 474 885 1667 2381 1439 1622 3494 4169 2298 3586
4565 437 2063 3926 3619 4973 1608 4948 4978 1113 1980 4097 1780 463 1622 1373 3563 1913 4352 2321
782 780 4364 4229 3680 2900 35 3710 2611 1440 1140 3053 2898 2611 391 2611 4590 1346 303 4914
74 1604 3986 438 1418 229 116 4565 4855 618 1667 3252 4596 3729 1346 2922 223 4360 437 2521
4093 4375 1689 2078 4308 2922 2377 4936 141 2922 967 2149 2807 1817 1325 2611 3126 3478 1155 3110
3612 732 4408 2828 260 294 2178 4827 704 4751 3711 486 1287 4389 4876 123 4978 4131 3209 404
3670 4080 3760 2560 562 2922 3073 2611 3912 1366 1929 4908 3236 2761 1426 4737 1571 1504 2498 1692
4228 4127 2393 3711 1142 4891 3408 1977 3692 4271 913 404 4755 4651 2689 486 4594 3852 4247 3045
4144 1681 1265 2399 1531 463 2945 2074 1027 3989 4523 723 2315 4127 871 2506 165 3549 1336 1793
1522 4987 478 3647 2280 2131 1454 4446 3908 1627 357 3432 1128 4058 1088 4086 1741 1088 2554 628
2191 1975 2446 4772 981 2191 1813 1142 3190 2217 3045 3045 379 1141 3408 3415 4948 4089 1441 3140
4637 844 466 2176 1588 4906 1426 1820 1808 611 4010 474 4276 3230 2676 437 3053 3311 257 2992
2727 1750 2499 28 1592 2246 1571 3557 3758 3920 4533 2294 4760 486 2929 1813 3633 4694 4086 981
4305 4359 3332 2682 1257 3855 4879 3619 1205 1525 3502 1164 3990 3545 732 1416 1429 2118 3559 3830
486 2408 2554 4603 4149 4941 3444 3751 2611 4682 793 4672 397 2611 2854 3053 2628 1627 3756 2775
4628 4495 3813 501 4798 1425 777 4308 321 50 1689 4769 2341 4963 4791 1306 2922 1844 1088 1289
272 844 1088 811 3553 30 562 862 3059 3553 2347 4010 3073 3864 4894 3241 1311 4185 1156 4089
1643 4307 1126 4978 4596 4199 3465 3682 4749 2358 2217 4360 1090 219 3846 3675 1033 155 4978 2074
3378 940 1667 4123 2611 3310 1478 98 2505 2528 3938 1199 41 4784 2986 364 1046 940 1203 3408
2218 2616 2191 3677 4369 1418 3438 1139 233 2139 3465 3773 3241 811 3751 1356 1531 4537 2963 3045
473 3077 4074 1731 2249 4415 3790 1321 3804 3654 3960 1378 572 1141 4994 1782 3608 3042 2323 164
2792 2323 4791 4891 1324 4338 3437 2133 2854 2853 1885 2840 497 2922 2828 1848 3236 1088 1486 1279
3791 1965 490 1397 3813 4205 1139 3670 3 2393 1153 403 789 4052 1322 3295 95 737 4342 1088
3242 1638 4415 1041 339 2853 4478 2992 3917 2482 891 2639 4276 986 2611 2528 3972 4321 2786 3207
2954 3623 15 558 2238 4872 2764 4205 2513 2415 2139 1083 2486 1367 1889 2596 1969 1667 2640 4398
4487 2450 3130 1458 41 2513 3024 3494 539 2216 106 2856 1736 4565 4586 4855 1057 3711 1689 3502
602 1346 4623 4197 4411 204 4252 2257 2393 782 3900 1454 4353 4855 435 2187 4263 1346 2863 2849
4906 508 1041 4250 1455 4044 1480 26 543 2087 268 3651 3744 1054 4698 1622 4307 2471 2890 4542
4728 1643 4698 3820 3840 2268 4058 3428 3404 4382 3146 1950 2717 335 116 4205 4446 704 2611 530
4338 984 4399 656 4769 1778 3053 1507 4214 437 535 1098 4820 2615 4282 698 2164 2564 742 4209
465 3053 3053 1205 556 2503 3938 1844 748 4087 562 2031 4071 4398 4131 704 1749 4978 3958 3011
2505 1483 862 3908 1080 4960 2450 4997 4642 1182 4438 3727 2611 1622 1098 3811 486 2139 3908 3241
4759 3958 4259 2390 1308 4978 3857 4588 3760 1446 1315 1947 3222 3370 4913 3892 2621 4851 3301 437
1692 3312 2731 3404 4672 1286 831 3125 2922 2844 2074 2890 930 4966 2611 596 1041 3053 2294 602
4342 3670 4487 3432 708 2895 3053 474 1083 2399 482 3906 365 2049 3134 1626 2131 4071 4668 4891
3734 858 3125 2929 3674 4605 4621 3465 1130 2611 2133 2699 2320 1102 2085 4318 1232 4459 3919 3678
1836 365 2049 4796 252 4908 821 4205 3723 2611 3133 3436 2769 4374 2611 2528 281 3508 4358 667
4270 602 550 1559 2598 1818 3847 3642 3522 2953 2738 4974 300 2450 437 2564 559 3991 4263 2027
