4010 4597 3252 141 1203 1734 3996 3241 2374 704 2638 4668 3306 3020 737 4176 3991 726 817 541
4206 1625 3751 2958 4989 2280 2280 2171 1737 1820 1321 113 1088 376 2423 2613 684 2191 877 2815
3448 734 2972 2505 1347 4485 3556 2857 2308 3053 2179 1346 3559 4800 4800 1069 2843 4487 4000 1500
3513 102 1487 4411 1567 1272 2762 3852 2739 2462 2374 4670 339 1689 4855 3008 2089 814 1403 708
3813 1881 1280 1789 3281 2573 4876 3925 3083 1451 2512 227 4855 474 241 3790 4606 2934 3440 4052
4919 1603 811 3717 4994 2191 889 3404 3079 2083 889 3683 3912 2969 1442 2450 2688 4504 1556 1234
2574 2 3939 2557 4263 2752 4297 3611 1663 1841 4144 2782 704 4920 968 3445 1839 941 3855 3840
3262 2125 2676 704 4373 4010 1579 677 4333 2394 4565 2050 1199 2505 4263 869 460 1774 4717 1977
3608 41 1465 3429 4086 889 3756 3864 1308 0 3683 4208 4307 280 2139 4597 3222 2349 3236 232
1957 117 1530 4575 1429 593 485 770 2262 877 84 4623 3505 4928 2635 2876 4460 938 551 3134
170 2308 1215 3638 1562 2821 4321 3320 4378 3004 3908 2388 3380 2244 3751 3009 4891 3081 391 862
34 4577 2574 3212 3598 828 1818 4461 610 2676 1550 364 2609 1347 2191 4507 734 3242 3503 2723
4259 105 1041 550 4117 3756 2933 2271 1356 1851 3756 4135 734 3671 3744 1140 4537 3892 1726 4957
3892 4737 4573 4005 1110 2884 4287 2408 435 3053 1955 4149 2963 4252 1794 1622 226 3727 174 105
1808 2110 1583 4010 1653 439 2394 953 3328 3139 644 4352 1397 2727 2155 635 1582 618 3022 3760
1522 2699 1058 246 1813 1310 450 780 203 3670 71 2155 4512 813 1284 3710 3505 3833 1653 816
2993 324 3574 962 4098 4333 4891 4256 398 4098 1079 2914 3139 1383 1318 233 2271 2719 2993 4779
1140 312 1731 1029 2083 3134 3936 2827 4855 2611 2544 1088 4850 3774 437 2421 416 3211 751 1685
4111 4071 1039 123 3773 1078 3404 265 2176 378 3190 437 1178 2259 1530 2415 1346 4670 3860 4172
3852 3870 1124 892 2030 2570 3611 474 1395 1457 3146 3723 2611 1784 2973 2805 2032 2935 4546 1820
3530 4086 1194 4415 4374 155 357 4658 4076 508 4080 2611 3751 2831 3408 482 3045 2838 1317 2423
4962 1930 2123 697 2854 4990 4086 2879 4987 4698 3330 4441 273 2590 3045 3772 3252 3094 2935 1075
990 4415 2827 4263 3277 4415 4872 1535 4989 2479 1247 3081 664 2295 4876 4529 1421 1983 1627 4672
373 708 1321 2467 1328 3475 1861 1154 821 2965 2178 1349 522 2369 1941 4470 2570 437 2610 162
3946 1458 4941 2233 252 4080 2849 2050 1346 4891 166 669 4677 4918 1324 1088 1709 1311 1726 1749
2240 2257 2890 3053 3053 3820 2268 1848 2131 3772 3045 2308 2049 4810 2578 862 2827 2214 228 2446
3084 3224 42 3031 4098 4503 4596 1704 3114 4563 2057 3643 4504 2200 2611 2176 274 1199 2271 804
465 4137 3159 1312 4033 3996 391 4952 218 1088 3040 4814 1980 129 3366 2661 2640 3607 1205 742
946 2584 1891 1088 3723 2027 432 4319 1112 4232 2889 1692 789 1864 1813 1059 2214 2408 4578 1101
1003 1568 4891 4649 3381 2131 3082 1098 3053 2824 2399 1088 112 155 2649 4670 4466 1434 3906 4554
343 4798 693 1418 463 868 2520 3478 1088 3991 2132 4860 2155 2849 270 543 761 2118 65 4007
2570 667 3608 1336 272 4827 4912 2854 1294 3494 290 1571 1592 1726 2302 2856 2727 535 1692 535
2709 4578 421 2345 3633 2549 1234 2876 779 2922 4382 3557 2993 1140 2131 309 1011 2980 374 413
4259 1828 4978 2074 2113 476 3446 223 4800 4444 2600 885 2054 3982 2788 3852 1363 2793 602 2090
3670 3225 278 2483 3085 813 464 673 1336 618 535 3949 2922 4509 1041 4218 1187 2611 534 1408
4263 3336 3651 821 1625 3851 3946 3153 4639 2600 728 4364 641 165 2472 530 4289 2392 3670 1439
3158 605 2704 1596 747 1659 4860 811 2611 1972 2815 2271 105 1726 3556 4616 2569 1627 3811 3790
782 3685 4442 1235 3718 1039 4933 4054 3428 885 2239 2666 4588 1119 1203 3723 977 3962 3148 1254
340 3154 2613 2803 2761 3110 4749 2963 4855 3661 2642 1622 4352 2448 543 2903 4263 2349 3751 593
3825 4088 4565 2059 3556 4465 3912 2220 1530 41 1653 162 1027 376 19 2194 42 3446 4597 1912
2065 1667 953 1453 1452 4314 54 3441 2611 1667 2308 2321 1138 656 821 3827 1847 225 4957 4772
2950 2922 1430 2650 844 2747 1088 1562 1886 2868 162 4114 1055 2949 3277 1448 3045 2416 3028 3366
130 1182 4551 3204 424 2294 2131 2146 2988 2087 2879 1622 3252 2564 4449 2849 2652 4415 4616 868
3404 1286 3429 605 1041 1041 720 3675 1208 3756 3513 3429 751 3769 2661 2276 360 1186 7 223
4286 977 2083 2905 1554 4387 42 4089 1465 4086 950 2399 491 2037 4911 1632 2788 1203 4565 740
3847 4994 1791 2378 3756 4500 868 3407 3670 2191 41 2611 1029 2308 127 1781 4378 4542 4263 1742
959 1820 2009 1415 3556 3388 1041 1041 2057 4637 1150 3018 2466 1507 739 2280 602 2912 501 2304
3872 1041 2154 2090 602 4898 4500 1455 1653 3311 404 4017 2191 2261 817 3767 1643 1556 4835 2347
146 1568 3845 3465 3184 2562 4759 932 3022 864 1235 2290 659 2019 3014 4504 3152 1128 2391 4986
2612 2041 2586 3250 1289 3958 2149 4446 3514 2426 831 4312 2544 2030 3378 1408 1293 2496 3223 501
1739 4540 4373 4124 1476 2696 2408 376 2435 3917 1373 1931 3341 2184 1260 4482 4658 193 4270 4602
2234 2191 2572 2528 2823 3421 1469 3505 1397 189 869 2364 2528 4678 4321 3023 1324 2218 1208 2139
4434 232 4375 4894 871 2592 4538 181 4012 2611 1367 4369 2843 2867 704 2639 4751 260 2092 2640
2478 4301 4212 1150 4805 3546 3586 4616 1326 4260 1734 4218 2030 747 2933 3121 415 1069 3820 3363
77 1041 1627 708 2349 4568 1037 2121 4967 1891 1813 704 889 1868 3121 145 4537 713 2890 2860
1083 1818 2113 4503 3639 261 2341 2246 2030 2878 1173 2521 3820 4973 4913 3489 1061 3960 898 3103
3218 1458 3830 2224 831 4086 3977 1039 1065 1913 3570 4160 616 611 1908 2626 3189 4352 771 4333
1511 2993 1993 1311 4631 2778 889 3782 3972 260 3556 3045 2191 770 3758 1440 699 535 3586 2696
3268 1236 4978 2935 489 1975 2378 42 2627 141 4855 1693 101 1769 616 4131 2294 4019 2082 3565
1891 2215 618 1203 2993 3806 3549 4759 181 876 42 4520 3556 547 3749 4381 2191 2444 3843 2265
2268 599 1579 2905 3959 1413 4267 1495 882 2217 1858 956 2084 3310 2942 4203 1375 437 1855 3332
1592 1159 2338 1401 4602 4462 4474 1374 4782 3349 4267 3525 1267 604 882 4542 49 3071 4487 3045
3009 1233 678 4487 1140 4962 3820 3685 3281 3018 2295 647 2827 1709 541 3958 1996 3432 181 3053
2060 3813 4205 820 4291 1397 2517 2600 278 3562 1197 2611 1862 3220 3498 877 2520 2767 3494 4338
