174 2472 2309 844 2556 3252 3958 4836 4879 4247 3790 1128 704 1088 1753 2178 1913 2133 4089 780
3212 618 4375 4976 1240 1346 1667 4565 2678 112 895 1187 3982 4664 1627 2970 4590 4415 4342 761
3212 181 956 1098 2038 3053 3952 1320 2922 4877 869 2557 3453 1784 843 1401 120 2391 1750 2782
2280 3241 2288 2837 4642 253 4205 1069 3586 2131 4446 2015 3133 3752 2131 2139 3944 4891 2131 3939
4779 2368 3684 1342 4342 174 2111 2854 3790 1741 2414 3734 4263 1045 940 849 1352 1519 1830 1213
1248 2087 4086 271 4403 2573 1005 3486 4698 2789 3586 3448 1509 2466 704 4289 4168 4224 2113 273
1541 1136 1689 2925 1342 4011 3409 4448 1083 2914 2294 572 4176 2472 489 1679 704 2074 3586 2547
3908 3845 4078 3222 651 1349 1609 2030 465 1627 1201 2030 4987 4247 4325 1550 364 1562 1235 2566
2935 4354 1782 4894 1583 4259 4313 2220 3068 4166 1610 962 2827 1093 335 4276 2963 1009 2611 1864
4206 929 155 2611 1294 3494 3586 2827 1709 4199 698 3266 2294 1917 3858 4668 1839 4250 2191 41
4093 171 1535 13 4973 1622 3678 816 2149 2238 1980 618 2178 3494 2074 4817 2857 669 2922 4565
1317 2191 1537 405 1052 3502 2719 4394 4276 1709 3670 4682 2611 3215 2191 134 1294 1201 4891 3236
3513 3045 2481 2063 4957 1465 3045 30 2394 860 2727 3437 1375 4700 4252 1906 1530 3729 2542 3332
4279 2653 120 280 140 3790 4515 2559 3332 1681 2074 595 1722 4776 1328 1947 3081 454 1098 4415
2191 3996 3081 3705 3977 3401 871 665 3465 1128 4565 1689 4954 4582 3628 2393 2450 708 1617 3388
1653 1622 2113 1354 790 960 1346 1780 2408 3559 4123 2031 535 2528 876 4565 3045 2394 1993 151
4393 1692 2304 1571 1244 435 4378 2506 3053 1306 4076 2191 1375 1723 602 3496 1962 2191 977 4993
3222 3053 3219 1324 486 3498 3147 4596 1397 2914 3496 1962 4798 1049 2079 2015 4415 3790 3556 1199
4263 75 4080 4668 1622 3053 3408 4987 301 4891 2139 31 1129 2408 2376 1571 4149 4132 2481 2554
903 3670 2061 3934 4207 4526 4855 3053 3790 4127 501 4754 4708 4955 30 3073 4913 4798 3586 1864
3760 2132 3853 4866 4542 4565 3130 3806 166 3223 3439 1840 371 2191 486 1170 3022 952 869 3791
2481 1453 0 2450 112 692 672 1321 54 1325 2827 2611 1621 2823 34 1533 1861 1537 1310 2707
3991 3678 3851 4736 732 4565 4891 3958 3465 488 94 2119 3489 2640 3509 3590 1612 2131 2155 546
2408 714 4670 2191 770 889 2513 3790 1402 1442 4052 1410 1373 2155 3428 1667 748 4959 3409 4464
1075 3045 3899 2191 562 2393 895 2178 3494 2249 4902 2074 2393 776 1689 3297 2818 1839 193 3032
2640 4623 2640 4495 1357 1338 1224 3739 4270 897 508 1027 11 4319 965 22 4862 4246 2191 1199
3404 3787 1561 2276 3892 1040 3820 595 2827 1390 3609 4997 3916 3939 2747 4185 3994 2457 3242 3220
3349 1155 2922 2828 2318 1941 452 3557 1837 2221 1518 2993 1931 1862 1453 1653 4214 392 3189 11
2065 4715 1395 1767 2119 1992 4817 2414 1812 3557 1317 4269 878 821 75 4076 2139 2450 2600 3989
2719 24 2717 3996 2446 324 3154 4817 1243 341 3873 549 4086 2564 2414 2444 1346 3332 3357 4670
2423 2410 3066 42 1973 454 2611 4798 3601 3223 2222 2191 3967 3820 2396 3053 3053 1818 2856 527
4259 1522 2027 1041 879 165 4575 1622 4032 3241 1855 1199 2393 2142 4086 1439 889 2139 2191 1000
3826 3448 1848 2030 2900 170 3604 4501 4987 2053 1604 1840 3081 655 1588 2500 4678 864 2031 2127
3825 1692 4157 1848 4691 1583 2640 123 996 3414 4315 1342 1126 1346 2857 260 2178 460 1265 1136
3908 4379 2481 3045 2221 1653 4957 2102 4928 4546 4086 1136 1142 2717 2633 4495 4355 947 1643 1338
2137 3563 4565 817 2814 938 2294 1767 3582 1069 3181 1288 2639 4576 1178 4077 1041 4831 4033 2603
4080 414 602 1094 1142 825 4651 3751 3330 441 2074 2074 4086 2611 3659 1667 4565 4994 3857 744
2911 3506 4158 909 1560 3703 4873 1465 704 1749 3273 645 3948 1941 323 4089 2856 1535 4913 241
4611 4587 4508 1052 4781 4876 2602 4565 1286 1499 1405 3242 1565 4642 1572 4089 1966 1980 4080 182
4379 1346 2049 4305 2323 1156 3228 28 463 3259 3241 2828 704 1324 324 1726 3638 4960 151 4493
4759 4231 1588 693 4252 3746 1128 3557 1488 1412 2191 4149 1346 3218 4387 4094 2351 2415 1582 1311
2461 1625 2788 1794 3959 4817 365 2391 223 3906 87 3372 3602 3991 3683 3586 562 260 1537 1363
3996 3611 95 3861 3752 83 3746 3848 4111 4080 376 1041 3053 3053 527 4086 1891 2246 4086 4791
3212 1996 3670 1775 2191 2611 1692 4798 2876 1346 4027 1323 1793 1108 2405 3878 850 1182 1098 4428
2036 695 698 3053 3366 3557 2191 4670 3860 2747 3339 4360 886 1689 1041 4923 2827 3939 65 4276
4480 2320 3860 4032 4012 2786 3045 2191 1079 3045 1363 2838 1980 1692 1830 693 1659 3311 4032 2634
1709 2844 2828 2620 3404 1124 3134 464 1041 1970 4512 4333 1154 4446 1033 3586 2500 645 3496 704
3908 2922 2828 2381 1993 2338 4415 2642 1840 1234 2470 4798 4276 4342 2446 1054 2191 2849 1667 4565
3946 4906 4197 4398 659 3756 13 3564 1687 1844 165 2553 3670 1966 2611 1458 2102 3556 1721 3306
2640 2030 1643 105 1465 3306 3609 3658 107 3148 3453 2528 817 4827 1041 2164 1199 1316 774 2707
486 4525 3908 988 4319 119 2459 2472 1891 3617 4484 2068 4940 971 3944 436 3957 3602 1552 1342
4263 4485 3053 2773 4123 558 3134 1511 3603 1098 3611 15 4342 4672 3765 2376 3586 3494 13 2504
4263 4682 1891 486 4086 2922 644 4149 3939 1562 4586 282 3053 4089 2191 1423 4957 4876 1627 1469
3831 1537 3647 1067 2780 3670 1397 2061 2259 1172 2938 3311 2450 4378 4252 3813 4410 859 1662 4276
3549 821 3813 119 2998 3852 2611 2031 245 940 4891 349 1996 3744 437 1627 3621 2280 2344 4284
2957 2082 1891 486 474 4086 726 4209 2922 2828 102 1788 2556 4670 1453 535 3409 2344 342 2264
3503 3286 1037 1083 1223 3638 1415 4543 947 1067 2238 930 521 1155 1778 2876 1183 3083 1538 1419
770 2191 1366 1600 3829 941 2905 260 26 1577 3934 4607 4202 2628 324 908 889 2528 95 3670
3908 1126 2191 1511 1150 4228 1802 2137 2203 224 2294 3480 1761 1835 1604 2802 2446 4313 2087 1373
3908 780 3220 3471 364 466 2074 1089 4490 1863 1098 1476 4741 1352 1322 2294 4542 643 2844 4466
4080 1203 315 965 1214 2050 1439 2951 2935 1296 4707 3557 1083 1439 1248 174 3218 831 1980 4327
3908 704 954 3351 4533 2074 2977 2446 166 3574 4436 2527 4941 1235 4891 3441 2856 437 2127 2408
2779 4263 4772 2586 2323 3246 4465 1088 4651 438 2122 4759 4496 3289 1582 1002 4056 398 2667 3045
2139 2191 2779 1844 4672 4784 2593 3053 3006 4840 704 3552 4089 947 1476 704 3311 2993 3674 3671
