4286 4782 3561 2110 4918 4437 3222 125 876 293 2217 767 4487 505 2857 2220 571 2631 3813 1321
4781 3239 3190 1199 166 3134 1088 4470 3183 782 4711 947 437 1937 1934 3469 3738 1312 4415 4504
645 2390 1597 4802 1598 4879 2264 4438 3147 2119 3547 853 4033 1253 3958 3813 765 3652 3332 842
4761 2115 4580 1689 2225 4668 535 1458 3550 4987 3061 1766 3516 4012 1363 2498 2450 4523 257 2788
4024 860 2348 4519 3670 1885 4154 3366 2884 1186 1965 2344 4033 4218 1648 486 1950 1599 2415 1653
1043 723 3674 4012 3268 4125 2228 3181 2124 1041 4012 3462 2271 3361 4415 4702 4859 215 165 1324
3670 648 2679 3241 4479 436 4037 2176 3491 3207 941 2415 3670 936 4919 1346 3807 2788 1041 3389
4003 3272 4753 1241 4565 1789 1294 3161 1267 4880 315 4517 324 1335 2993 112 1947 370 2780 2408
1192 1194 2922 2678 2429 1328 4322 2065 1348 1880 4481 2856 3301 2191 4619 2972 1181 4827 2879 1016
3934 1844 3401 4080 1609 1458 852 4817 405 4989 832 3139 4263 850 1532 1334 1766 1559 1326 2266
175 1328 621 4738 3574 4014 2087 2348 3478 1287 1047 208 2883 535 3223 4037 3106 1704 1150 3751
3908 1365 1002 490 4879 2867 3611 4017 2191 2423 605 1460 3004 1825 2360 2948 1980 1342 232 3767
4339 3068 3934 4847 4941 4894 3236 2898 3082 3846 276 247 4697 3231 237 811 3960 175 145 1203
105 175 365 2922 2828 1219 879 2238 3465 4046 2390 1813 4604 1784 4118 1184 1627 2827 1186 1985
3363 3647 2415 895 811 2176 3777 4142 1880 134 779 2466 3993 2408 4662 4540 602 184 3328 4205
3796 1991 3632 123 1112 1653 4378 4672 2074 868 3241 1033 3241 4420 2773 2764 3385 4876 4526 2600
3791 440 3142 2527 1197 4602 3161 1139 4694 1294 3467 1717 2329 116 3541 4019 2732 3119 30 437
770 162 963 4817 1328 3790 1577 3858 3506 1041 4289 2884 4781 4243 3882 4014 2627 737 680 749
4259 3811 1140 4891 4594 4232 437 1820 3661 4446 4081 965 3241 30 2482 2191 4781 2993 602 3939
2579 2952 3693 1956 2611 3934 2084 1690 4876 1311 437 3065 1726 2499 4918 638 99 4276 2640 2090
486 704 1150 1053 4858 2408 1088 799 1962 3139 4982 3670 3878 806 1830 3559 98 22 166 2415
4930 645 3716 4827 1092 2922 2774 3902 4276 1098 1325 4817 1046 4565 4718 486 294 1139 4702 2761
4206 1142 1228 3791 4740 4537 1099 4149 683 1447 3738 628 3415 2807 1172 3917 3045 245 1757 2302
4672 4775 3184 2543 730 4626 729 1088 1011 916 2633 1001 708 3529 437 4798 4929 745 2391 751
2411 3741 811 735 1659 2611 3053 4752 2233 1203 2049 3776 4486 4489 1509 4672 1141 4817 1328 4050
2977 4263 102 4276 508 3097 550 1712 4388 1217 4496 1112 2789 4788 4487 3638 3908 1830 3338 1840
1066 4161 1726 2031 2224 4855 2049 2499 4987 2624 119 2020 2063 1338 374 4840 4094 1112 752 882
1346 2271 387 3331 1548 3534 3134 2298 4850 3852 2038 2528 335 895 2572 4480 2611 1692 2922 2653
2187 770 828 3366 2392 1605 3989 4134 2994 3421 2319 3001 1572 3130 3301 223 1413 2393 732 1190
2570 4338 3670 4432 2773 490 1194 535 3126 1813 1235 3770 2084 2294 2727 3737 396 1636 816 4214
1870 2780 1328 486 1709 2640 2079 3222 2067 3827 909 1346 2032 3588 3852 3811 335 4398 1687 2087
4206 1067 535 4184 1841 1487 1954 2132 1973 986 41 3651 4004 4920 1494 2110 4960 328 3908 4479
4029 1739 3404 3586 1432 2993 4285 1837 2139 1069 4218 2030 1041 4041 1241 4565 4446 1428 1530 1534
2385 1942 2322 4865 3404 1996 3561 3765 4011 4817 1268 3006 275 1194 1796 2666 2611 98 638 2922
2559 1726 4140 987 1592 4206 2788 196 2074 3383 2090 518 3476 868 1277 4289 2157 2630 892 1429
3908 4227 3830 2700 3805 1961 950 4344 4542 1321 4649 2527 3647 882 2776 3167 2407 602 2252 4607
3346 446 2667 3223 1646 4789 1632 4565 4338 1076 2498 26 3194 3748 3279 3453 2288 4515 2719 3586
4206 3478 4560 123 2280 4022 802 2611 464 1141 3133 1289 2635 72 2274 831 2008 3053 2467 4149
3933 2423 4924 704 4289 1312 4495 335 2989 2554 882 4140 2972 2111 3588 1272 4899 782 4408 1264
3243 1028 2505 3272 2295 1148 3958 2879 1219 3996 3729 2843 3830 201 3573 2100 1749 3578 1362 2252
161 843 2194 4759 2449 3134 1664 4279 3549 3670 441 4387 4267 1627 708 593 2255 2640 3478 2061
1469 2914 2788 4970 602 2993 4401 2074 2307 1530 4501 2294 885 778 2395 177 4790 1793 2067 234
932 1252 2087 2489 3435 3401 1426 3407 2408 2613 2450 2921 1265 3690 831 248 1344 2798 4928 1991
310 2826 627 1667 4565 683 1796 1101 2639 1761 882 3734 3192 892 2030 1040 4096 962 734 4879
2962 2645 505 2935 3926 2450 2921 2786 271 4342 761 3281 2391 3194 924 3590 1087 232 2914 562
2962 2495 1695 2302 552 1069 4512 3586 474 233 4252 936 2776 2191 3751 2611 2645 1627 4072 4214
4448 125 3773 3394 2854 2465 1532 4117 4830 4761 2812 341 4891 2394 322 1041 1041 3053 3053 2528
2136 2194 323 248 995 878 3454 3045 1011 4836 4894 2726 1910 1280 1344 4957 986 1837 2528 1140
1852 2992 4441 4670 2415 3670 3796 3613 3842 2323 1005 3583 4086 2111 2922 4333 3678 3155 3727 4546
2310 3126 2505 2482 2083 1622 3580 2027 437 370 1067 2176 1286 4287 1755 3931 4313 4565 1324 3958
3162 2450 659 4015 2344 942 2176 3547 997 186 1214 4330 4526 4526 3638 4827 1528 4248 360 3655
870 1056 131 3619 2854 1820 437 1366 3958 4776 1336 3273 1315 1140 3409 1230 1603 888 3629 3405
4206 3589 1005 296 4766 4255 3773 3183 4369 1622 2399 770 905 3623 665 3451 4154 702 4739 248
4206 508 2313 2678 4480 3813 2678 2191 3852 1027 1346 1975 708 275 4785 2220 2874 2854 3349 0
1206 2320 2137 3770 3912 3562 977 3141 3241 273 848 3432 1112 501 4952 2072 506 4966 4149 408
211 2408 3534 1530 1681 1545 2191 1000 3939 1203 3891 2388 513 1784 3729 2836 4526 2106 2298 3556
4906 2779 4914 1881 4596 2051 3218 1083 3707 3256 2752 4263 4960 3006 535 2220 1748 3134 2562 669
3826 466 4010 4378 4891 4978 3806 1137 443 641 4565 3607 2590 1862 3123 2814 3607 292 2191 2195
2257 1579 101 1653 2698 100 1565 611 1293 1531 2482 2191 464 4136 589 1128 716 4149 4267 1861
3946 926 3494 3114 2704 2472 1088 2191 2611 831 363 4754 2087 30 2176 522 1088 3773 2698 497
3852 2884 1172 4978 4342 4076 3222 2185 2068 3465 1139 2194 3738 2320 984 1041 1041 3053 1041 1041
4134 190 2746 3818 225 1098 2512 3127 2139 69 1947 1739 4401 2528 4125 1769 207 149 3796 4771
1889 3820 3670 3796 3039 155 2323 3167 171 3908 2481 4607 2029 868 3511 3878 799 2074 2634 4526
3946 1653 2320 3994 1127 2433 2459 2869 558 4894 551 1689 3225 1464 1286 3439 4776 2420 1989 628
