3908 3019 704 1749 4902 896 3813 2265 4461 102 2905 4993 1084 3951 1848 3053 2827 1891 770 2854
2415 2499 1780 3453 3217 1171 4446 4880 1017 1311 3383 2922 868 42 4985 1667 4565 1667 965 3074
1140 437 1618 3811 4364 698 205 2249 4779 4748 71 2081 4000 3670 596 3652 2199 3222 3587 234
3162 2816 3906 3494 4209 4577 2221 4583 474 3958 4134 1277 28 2294 572 1247 985 4596 1139 1375
4394 4332 3168 1767 602 1346 2611 2286 2298 1531 1088 3314 3509 4596 1780 3556 2450 381 1320 2922
3465 3057 1534 1210 4605 2753 2818 587 4757 3134 1325 3404 1201 42 535 4364 1150 2598 466 2191
1561 2308 602 1234 4668 3262 3749 4855 1967 1338 1107 4623 2408 4415 593 4471 1067 4562 2642 3683
3758 4543 1332 3478 3965 1326 599 2137 1508 4817 4908 3752 2031 1186 557 336 4855 2719 1582 2678
3404 2498 3549 2131 2741 4827 2717 3908 3611 1088 4353 2191 2119 1458 3586 2178 170 552 3678 1477
3162 3996 1203 3146 2415 667 2131 1664 2624 1083 599 1118 4504 3077 505 3124 4817 1604 680 2191
4517 2682 1573 984 605 1861 4763 2072 4565 3939 91 4111 1076 2600 443 1192 589 3760 4375 1969
4071 123 3842 1676 2639 3670 2860 3426 1322 2807 1530 1486 3369 3380 28 2482 4694 2854 708 4543
3908 2133 3366 4596 4383 2611 3827 3760 4668 2528 4672 2036 953 2992 3770 1906 595 1416 2414 1365
760 705 1338 3210 1289 3146 213 1311 28 2922 2505 1962 1154 1155 2600 1280 439 3553 1265 1565
486 2528 1913 4891 4338 3848 562 2611 4076 486 4668 4698 260 4263 1234 3749 4756 3053 960 3164
1301 2826 3565 1150 474 1413 136 1565 543 3612 4154 4446 2087 2440 4017 2408 537 2695 3147 4289
562 1328 3401 2504 4006 3053 3502 3404 1370 1980 4995 3756 354 1793 4228 4670 4067 811 3670 3045
4263 59 3465 4461 3672 1269 1667 4565 2191 4374 486 4086 770 3202 2450 2498 2198 1126 237 940
4696 3218 3540 136 2471 3404 2770 486 3053 1203 2030 2507 4086 667 2394 1173 377 4877 139 28
4230 3934 4602 4446 2739 1150 980 1862 3053 2528 1223 4855 4342 1318 2945 376 203 223 645 3465
1313 1486 1861 2556 4015 1027 2110 4300 971 3378 2667 920 2450 1028 437 501 3085 346 4597 1126
3734 4032 4342 1088 3081 623 42 86 2408 344 4037 4065 1037 4209 3131 2074 4044 4012 2611 1980
2936 3561 1537 3647 4597 2087 1687 3617 4313 4267 3790 1885 3878 2031 4790 141 4314 1142 1280 3187
4850 3241 4080 2290 4461 3744 497 1297 4050 2922 3557 1346 4501 1087 1318 3587 2814 828 4577 1041
453 2993 2191 978 3954 4649 2408 3670 336 524 4127 4089 3642 2764 3988 2584 3813 3911 1047 1543
1075 1427 3465 3652 169 2248 2120 2845 3939 877 2320 4933 4838 1622 4400 2191 474 3944 4698 878
2191 2444 4465 2294 4891 1686 3699 2827 3053 3105 4393 30 4476 1622 3939 2031 3865 3478 3958 3375
3938 4286 2246 3678 126 2851 2500 3496 3168 2303 141 2611 1511 3420 2611 3977 15 2699 405 1781
1155 893 397 3557 123 3674 3187 273 2176 2802 2107 831 3845 779 4487 3623 4086 2141 28 3734
3513 1786 3207 1667 4891 1774 2505 704 2191 2611 2314 3053 7 2874 2922 726 2946 645 3053 1346
593 3670 1969 146 941 4415 3212 4957 1352 102 1548 1864 2280 486 2408 3647 3774 4140 3790 917
4902 370 2922 1426 4926 1125 1328 4415 2737 987 4263 2414 1674 2067 3198 2640 1818 3638 4338 3830
1328 4086 4891 3549 3945 2611 3751 2611 452 2976 2528 2528 1610 2191 4698 3366 2762 1088 3057 4860
4532 218 1956 41 1345 1627 3667 1088 3939 1566 2611 1841 1828 2857 631 2450 4125 761 4110 2528
602 4670 3465 1996 4243 3448 2027 1235 2716 799 4754 2640 2474 3675 2318 2454 2074 4798 2627 3906
770 116 41 2191 464 3349 645 4276 1618 2030 309 1296 181 3557 3749 1321 1561 165 952 4670
836 4880 486 34 4127 2131 2802 704 1604 2398 289 3906 3099 4851 1312 1041 1993 4526 3265 4079
2109 4953 123 3321 2030 3014 1667 4565 2544 1911 4459 1717 4270 2315 2450 1720 2139 4080 4177 4098
4263 2789 3295 3586 4976 4908 1397 2349 1592 4827 704 564 4565 4367 1269 2074 1266 4365 1580 2828
4263 1061 335 3228 2302 1142 499 2408 3845 2764 3908 1338 3707 3996 926 4736 1781 3053 2408 2316
4628 4076 3647 981 4580 1848 2131 615 441 4259 941 3845 941 1395 4123 379 2139 3181 3547 3553
2450 2335 1040 2308 1700 3218 616 593 2238 4471 3678 3674 3045 2807 2393 3241 1101 315 130 1088
4759 1090 3502 4891 155 1416 2905 1153 2053 2450 1153 1088 2856 171 4913 1395 2627 947 1012 364
441 1830 4737 2030 1494 4956 3779 4230 2939 781 1153 4537 204 2135 2250 1862 693 3076 4024 4132
1891 3045 1969 2896 2596 2396 4428 4279 1750 2450 1609 2450 4353 1142 4891 77 3332 475 2506 4393
1844 2176 4276 2280 3256 2250 3415 3749 1041 1046 2087 4891 1734 1401 1293 648 133 4855 550 147
2137 3563 1439 2805 4786 2674 776 2854 3007 2029 457 2132 3527 1046 1088 4963 2176 2119 704 2280
1511 4941 2079 4590 1430 2838 1449 862 3610 4493 798 166 3688 3328 1689 3854 1751 1088 807 3530
4010 1689 1848 1478 1418 3754 3105 4972 2609 4195 2410 273 2113 3014 2191 3181 273 2890 2907 1587
1323 1728 2446 1774 335 4655 4071 4562 4364 4342 1692 4960 134 4333 4333 1532 1508 1120 1084 4209
1083 745 1775 3784 222 1778 3939 3053 2030 1203 1234 2111 3790 1910 222 3332 1188 4784 3236 1346
453 2401 2205 3557 3760 2774 3059 2146 1837 4947 3991 708 2294 2131 3908 4504 811 3609 2298 258
3212 704 2972 4270 2191 41 4642 3845 3053 2319 2528 1780 4976 91 2208 1150 4570 821 2594 4086
4500 3109 1156 1033 781 1913 3840 2964 2218 900 1088 2191 963 1557 407 4490 3110 3939 3053 4342
2498 2443 749 1440 4865 1885 3186 2337 4668 560 2498 2910 4575 4827 1532 196 3906 2218 3483 3302
2089 2802 2271 4670 2988 1246 885 4817 254 767 1833 3094 3053 595 1483 2087 2485 1046 4891 4503
4385 4855 214 708 1083 885 3647 1734 2459 1608 1627 1413 1129 3242 4328 843 2408 705 4012 3670
486 1126 2837 1033 4994 2164 4791 501 1913 1041 3212 91 4763 3109 1891 3241 3965 1363 2191 232
1075 441 463 2087 2238 2678 237 4379 2782 2408 287 4797 2854 3202 1792 2408 1366 4606 1947 3683
3760 2789 1627 4756 2074 1962 1627 3710 3765 4239 784 4259 2993 2191 3647 3647 1862 1627 3236 593
704 2087 704 4052 3582 4504 1270 2640 3187 4829 2611 3830 4040 1793 1397 3908 1126 747 166 391
1172 1643 2665 574 4139 4111 2611 1232 1972 2132 2505 1326 2945 405 2848 4989 2260 2030 2300 2139
4847 2700 2611 1328 2194 3564 2176 2089 436 1889 630 3813 4859 2408 1918 2922 3388 1308 2611 4543
4759 3262 4652 3109 2611 3743 1180 618 2696 349 837 2767 1088 4415 4032 4086 2905 405 2433 2137
