782 4332 2102 1089 1590 1681 3248 293 4086 2423 4802 2590 2560 2554 190 1142 4850 2772 3222 2770
324 1011 2255 272 1109 2030 2131 3954 1711 2856 2086 4746 366 3852 3146 3723 466 341 2829 2459
3218 985 205 2446 4891 3081 4016 4348 1979 3548 1194 4378 922 3186 3965 2026 4901 1382 4979 4892
2089 4352 269 2079 350 1668 4401 3845 2031 4725 1253 3451 1453 4153 1723 726 817 2042 4312 3654
3946 1192 1920 1583 2901 2678 3187 88 864 4140 4140 3054 4655 895 4880 2191 2087 2824 3977 3617
3946 958 2625 13 356 3369 4707 4637 2109 2363 3301 3897 3502 41 2611 1932 1948 174 1398 1667
4206 291 1689 1531 2459 4829 4718 3206 665 377 1194 1342 4947 4086 3061 4248 1661 4369 3852 4271
2111 3707 3080 887 2673 145 3989 181 1191 385 1766 4089 286 3471 2090 1110 424 4714 3647 3670
1062 4074 2727 3332 1426 4250 1439 2919 3502 1582 726 4426 1646 2499 732 4649 963 3134 1142 4972
2349 9 4827 4565 1947 2649 441 749 505 4289 3404 2777 2409 4442 4590 4353 3670 4557 4523 438
602 987 3651 2290 4185 4263 3586 166 1434 2854 2611 4746 4446 1346 3586 2860 2775 534 1033 2450
4206 1593 1948 1969 1098 3965 1645 1689 4333 505 4817 1364 1098 2922 132 3146 1837 2528 165 2611
400 3053 1088 3218 4627 1969 4551 798 1203 2499 3818 0 1234 1352 1342 4948 3674 15 3952 2202
4487 4841 778 938 817 3623 496 2191 2961 4978 3304 4829 3236 4537 2828 3579 853 1453 2135 1369
639 4666 4638 570 2139 2191 2097 4319 831 2531 953 4305 3758 2390 3866 336 4569 1622 3674 1837
576 1041 2586 2135 4965 1970 3277 3305 2062 4667 3751 2609 2220 4346 10 2343 733 27 2019 3085
3404 1996 2109 4913 2315 868 2528 49 1749 704 3703 1885 439 2191 965 1686 3326 2227 567 2266
3547 2950 3758 117 2735 3001 227 3858 3684 1283 3982 3980 4449 3961 1296 1756 4952 2508 2436 136
1102 3019 3222 3097 4287 1677 2609 1731 2614 4517 1072 260 2906 829 1455 1653 885 4504 3670 379
2191 508 940 2049 1709 2131 1066 3403 2499 2294 4619 2696 831 864 4667 1572 2298 1432 478 1812
3583 2450 1142 4865 1188 4598 772 602 4781 4169 4876 2364 2149 747 3001 2614 3502 2288 452 1352
4342 26 3756 1840 3586 3357 4546 4626 4363 572 4630 4338 965 1328 2727 2600 4342 3146 1055 1861
1874 3607 2600 2031 3408 2280 4850 1837 4357 977 287 3387 822 468 1401 1556 4906 2640 1906 1070
1150 4865 2378 515 2478 174 1611 2473 2408 2209 3218 4185 2776 675 2106 3388 2414 3141 4086 3754
4093 592 2308 1184 1609 4294 1346 1891 1176 3852 1659 3210 3607 1610 4876 3032 4039 1667 4859 2860
4031 15 4596 1242 2611 275 3790 1155 4604 4339 2378 212 2717 987 2611 3053 3574 4827 1542 4261
2662 3297 625 1653 4370 504 3570 3408 831 4911 1824 4683 2268 6 3906 3764 3900 1906 4501 1142
770 3996 3279 2629 4939 4707 4565 1941 694 2414 4338 1852 1535 2391 221 91 4565 1622 3803 198
1643 3448 947 4565 3701 2753 1487 4908 1194 1568 4471 825 4944 1176 4748 2472 1075 3912 2139 435
3412 4511 4094 1321 2350 41 1535 1034 3960 2699 1056 3048 463 1906 2292 3773 4270 3469 710 1403
1418 478 4597 2368 734 2327 4307 3758 1891 180 2175 4851 2881 1680 938 3134 3295 149 123 4276
3262 1189 4830 2564 955 1820 346 4338 2804 4817 2827 3557 554 1184 4696 4270 2500 1286 3366 3394
451 3697 1969 4664 1915 1906 3128 2837 4941 3133 593 1418 3798 2474 1033 2082 598 669 1126 1632
2827 321 2309 4594 669 693 4180 3571 3760 2195 2110 2113 2295 4364 1107 3332 4946 1408 879 1962
174 3109 2611 2611 3053 1299 3224 940 4703 4365 2918 2030 4668 2429 2341 3080 3158 2963 4896 3965
4144 3001 2820 2642 1346 4872 1128 1146 354 1862 2876 4690 1632 2164 3989 3790 3152 2727 3001 3418
4832 667 123 3147 3146 3094 4263 4993 2827 734 4263 4605 1289 1346 1064 2652 978 4940 15 3647
1813 0 4941 4891 155 4956 2171 3295 4909 2049 1128 3678 4287 2733 2922 2828 831 4956 868 727
2376 1174 2294 4378 2963 4929 4798 4369 4319 4851 1562 1041 693 2157 2191 1223 376 2967 1320 4313
3437 1124 4270 782 940 3152 3167 3906 1749 471 2854 971 4709 3570 3075 2870 3130 3234 2280 4957
4286 3683 4876 4445 77 1627 2764 4252 4902 437 1136 4855 405 4469 572 909 1870 2963 281 535
4093 4287 2865 3525 1176 2993 3944 692 4817 1041 1041 4798 3583 3383 3496 821 4535 2415 1610 4890
1988 2761 4314 345 2914 704 39 4543 2137 4691 4095 4395 4876 3770 2178 3934 3936 4694 635 2508
878 2372 1668 1128 3549 2191 977 4102 4670 9 3357 4668 259 704 980 2611 3045 895 4276 4517
1264 232 2124 214 3906 435 4832 1321 3756 2953 3869 4978 37 4687 720 4342 1068 4957 3332 2179
1261 4099 2611 4855 1088 4250 2682 2613 4342 4973 1942 165 3760 981 3444 1666 3428 3813 953 3617
3892 3341 2698 2387 4495 3744 823 2640 2945 704 1083 3774 2078 986 941 2611 4369 941 2360 471
1954 4342 13 4890 28 145 3623 2869 275 692 1750 3306 4978 776 2191 1416 2246 3711 2446 463
218 4921 501 4372 2294 3236 1582 2494 123 1719 1962 895 4978 245 3857 3236 4817 1132 2315 1244
486 4239 1734 2150 4191 2971 2450 4974 2843 1794 2440 1542 3465 1941 4259 3756 4487 1229 4908 2294
4865 4449 15 635 3683 2613 797 4994 384 1157 4214 1692 3727 1542 67 2184 986 4000 4172 3340
667 4547 605 4798 732 4921 44 3670 4487 379 535 535 4421 981 2191 602 3408 1554 3190 180
4286 781 4338 984 2306 2980 2746 885 4577 3758 3053 432 938 3301 174 4875 4465 387 1058 2392
3647 1267 515 1321 15 3791 1741 2566 405 4086 1328 3594 1537 4438 813 123 1187 3851 2553 4746
105 4256 2505 2918 4496 1187 2922 2712 2155 2938 1139 2499 1141 2564 4276 2086 3607 2139 2089 592
3670 3045 811 468 530 1889 2468 3701 1934 4855 2315 627 1221 2408 4056 1840 1980 437 743 1704
225 312 3064 2611 1153 1067 2922 3902 2791 4957 3045 4860 3483 1781 3719 2865 2757 4459 1980 1494
1346 2826 131 4166 2545 3900 1711 782 2178 2965 4159 4378 1780 705 1033 4672 4827 4448 1067 2115
3908 522 3220 751 2566 2639 2191 1537 1442 1095 4967 4697 4270 2890 1526 1707 3935 156 4086 3612
3530 821 1588 4469 2468 935 2615 821 4477 4542 3642 266 4385 2746 2788 2176 3606 4333 4471 1913
4532 1227 2428 3710 3710 3105 4548 3454 4957 4876 2399 868 260 1328 2176 2408 2271 1083 4860 2415
2084 4144 96 2089 3084 892 195 3830 2564 896 3147 4880 2890 710 3498 4249 3696 963 1054 1833
4728 3242 3633 323 1667 1679 1087 1535 3891 1364 165 816 3415 4120 895 2294 3982 3477 1030 3845
2779 4880 1844 2903 2593 4649 1080 2499 2450 181 2775 1827 2699 2131 694 1786 3141 2276 2238 2556
