4517 1242 4727 4680 3574 4031 3938 3756 2827 2111 2661 50 1205 1039 437 3293 2453 3588 1295 862
4263 3630 2877 3458 4715 3586 1755 366 280 4542 1576 3437 3194 4987 3972 2369 4487 3250 2191 2507
2478 0 474 1582 2191 2611 505 1041 4052 4328 2362 2291 1294 1087 3448 121 3674 3486 4994 3053
4483 1579 1223 645 933 4056 1655 3098 2176 4575 746 1421 4891 878 2191 1942 1418 1667 1487 4798
2136 3432 2133 1147 864 2585 3831 2528 486 2640 3215 2215 4655 4112 1930 2830 3108 300 3547 659
2268 1885 2133 1627 4698 2119 105 413 2788 4080 4668 572 2905 4860 1320 3494 3906 3306 1632 1041
3825 2564 4333 1689 760 3502 432 3045 4218 1707 1295 4052 3873 4149 4442 4276 3710 4658 4034 1055
4532 2788 2338 4490 2611 2092 4891 3790 3586 2060 3134 2998 4763 3059 1041 1041 3568 237 1891 1603
782 3465 3272 3553 564 437 1425 3420 969 4906 3666 2027 708 1627 1556 2450 4827 1970 2084 4323
2905 3773 3820 2828 1076 3607 843 2459 1197 4076 1346 4855 1791 1653 1235 871 3958 4312 2244 1312
3908 2496 3146 130 2828 1601 3845 2238 4798 3958 4096 2639 2191 4908 3262 1791 1534 437 672 4987
1066 4127 2074 3907 4531 287 1726 4957 2755 166 4876 3465 1905 3045 2423 489 3053 2086 4056 1128
218 4313 2376 3813 4131 2735 2082 3775 2030 2788 737 3612 1040 2518 1627 1218 2191 3190 2394 1669
2150 3752 4822 1565 4504 2074 1465 3965 2407 3248 2426 2414 1328 1861 4375 2611 530 1089 779 1653
486 4517 2611 2701 1679 4378 4342 3427 1910 4810 425 254 3804 1625 454 2472 4252 858 3189 1782
3933 3582 1818 1627 704 3552 704 2191 1813 3462 3939 2820 1841 2124 4056 4994 2611 2627 415 1993
2560 4246 1066 1686 535 1098 4111 2509 4672 3483 2408 3927 4860 486 3676 3557 930 2774 2678 1886
2570 431 2573 2501 3222 3670 379 4042 3293 2639 3272 4891 3236 991 602 2476 305 962 2190 3236
770 1494 2944 41 4437 4095 870 879 4285 1346 514 4290 4267 3958 1734 4086 1682 1289 2450 203
664 3852 2292 4970 2698 3222 3672 2361 3979 1280 3401 4415 3852 2993 2446 1648 3587 4860 1534 3045
3908 1646 2509 1074 1528 4835 4428 3220 42 1381 4851 2598 599 1321 3546 232 2723 3357 2935 119
161 3148 2818 1604 642 4037 2513 1151 735 3414 3861 4096 2238 155 3840 65 868 2977 1627 1308
562 1328 1151 1667 1040 2528 1627 698 3906 2090 4289 1265 1136 2828 3446 181 1848 4087 1150 916
3674 3534 3053 4643 4438 4255 962 588 2721 4495 324 496 704 1692 4836 635 2408 761 4332 222
4287 1166 1328 4122 1813 1136 2558 437 1309 749 3590 257 1128 2640 1726 2965 4615 2584 3796 4817
4097 4670 3045 1588 2760 216 3670 2837 959 2408 1627 2503 4297 4757 4987 1294 4135 2860 1837 2874
341 3900 821 3222 4442 2573 4859 3030 1120 3831 4342 2179 2667 439 1789 1507 2586 924 1088 879
343 4078 3032 965 485 2611 1980 2674 4086 2687 4114 1837 535 3603 2153 3977 824 3432 4195 2198
4999 2993 1230 2379 4564 3740 1150 4672 4338 2767 4312 3556 4686 3549 41 4604 3851 2772 385 3673
3212 740 1310 4565 2639 4480 1037 4170 1132 3678 4338 3751 2439 2453 3546 4037 1465 4200 4297 3586
1418 1421 3886 4523 4851 4002 1832 2414 3057 885 2218 1679 2139 3946 3695 1638 1041 263 4849 2820
2962 1967 2911 486 1426 4817 3677 780 2178 4032 1531 1264 1546 2640 813 2826 3024 2450 3670 170
1700 4379 4900 3248 4425 784 3683 3029 437 2256 4626 3915 2826 4125 2447 1858 4379 2934 1213 4817
2554 4775 4144 2335 28 2016 1627 2126 3326 1086 166 2788 4737 800 336 4601 4021 4978 90 2854
2374 2834 2122 3409 3621 4536 2701 4596 1625 2294 1223 3565 3498 3846 3241 3328 3685 4786 466 4460
1579 4681 4313 3403 2357 3310 365 2879 3361 4252 3944 1139 885 1659 2562 1970 556 1635 1788 2774
1234 1667 890 4021 1891 1604 4338 3871 708 2006 3327 4086 4960 885 2905 3651 1055 1546 2535 3161
4817 740 1667 882 3394 4398 3906 106 4815 831 4860 1075 3616 1837 4342 813 3765 751 1818 149
4206 1740 3332 2191 2611 414 977 33 2219 2525 2224 2640 558 2124 486 3241 2528 4086 3341 3790
3557 1155 4387 3469 2241 136 3586 4817 1328 4426 4014 247 2666 3383 2922 2828 3979 2609 2450 3453
1808 2164 1261 4118 4711 201 3249 1469 3670 4512 4378 4765 2089 4301 572 4407 3169 96 4668 2993
2662 704 2814 2191 750 3227 1689 4957 1595 2312 2692 4626 1818 3265 2782 704 2853 1094 4815 3991
2504 4000 3236 3021 1342 4378 2611 1661 2644 3134 2865 2030 3378 1352 375 1328 3186 3573 1659 2393
2509 3906 4622 2960 3103 3252 1432 1346 1328 2573 3804 4095 1203 4672 4978 2498 486 2131 3357 3494
1891 2788 437 1834 501 431 1241 4565 3332 3243 1632 2408 3994 1788 4775 1913 1041 2939 2025 2191
1891 2923 4718 2639 2 2191 102 4814 41 2512 4149 1129 3907 3855 486 2136 1991 3813 1791 505
1069 3892 4526 1170 4392 3045 1142 1142 4472 3980 2320 508 1041 831 1862 527 3451 4378 4012 2611
1996 839 704 2007 602 2506 1072 123 1012 3631 1430 4751 4438 4010 3683 3159 1837 4948 3586 4378
4517 1681 1531 1653 4580 1645 981 3556 4881 1494 2554 1782 2640 296 2774 1781 4287 704 564 4131
3852 425 3409 270 1470 3866 3760 1106 3790 3494 3223 3357 1164 2019 4746 376 3437 2293 4759 1857
123 2918 1335 1230 4668 4515 2288 1178 2888 4465 3618 1005 2001 1941 2942 1264 2298 4851 1942 2315
3287 839 33 1837 2033 4543 4817 803 245 2450 2461 278 543 478 3498 4619 13 3268 1784 1217
94 370 3403 3017 3223 1714 2903 3710 2191 3031 3701 41 1401 3207 4551 3976 2191 1155 2298 3755
146 4668 2180 435 2489 2922 1375 388 2854 2727 1784 3410 682 2171 1610 3654 4252 593 4111 672
4891 335 3965 1320 2294 2243 380 2879 1696 3561 3858 2337 4855 3006 2220 4957 2788 1791 767 3045
3218 4477 3751 4670 2611 34 1812 527 2566 1109 3041 2408 522 2728 4342 761 1097 59 2036 0
3946 1908 535 4855 2038 3908 1280 4525 3749 4342 3408 3241 2528 809 3157 3923 2824 595 1977 3496
3825 2110 2444 71 4971 2377 1274 2262 4610 1734 2392 2007 393 3302 720 1106 2408 2176 1726 3494
122 4378 430 1583 667 2394 604 2049 4284 2420 4662 4694 1562 1523 4319 166 1862 1577 1891 4880
2481 867 1141 4154 1361 1277 2247 3358 2824 506 1700 3408 1781 4378 1040 4223 3045 3401 260 1579
1089 742 2276 1947 260 1550 28 1893 4378 980 1883 354 817 2512 941 3053 1913 4650 4749 527
909 4012 693 771 1997 2817 4086 305 732 508 4565 4478 947 2786 4707 2061 3172 4372 3186 1030
2375 3409 2049 4350 4333 1622 3787 3287 4891 4974 28 4746 4880 1454 2399 3053 2854 1378 934 1439
117 3364 1124 4058 4643 2195 2629 2269 4672 2914 2087 1142 3547 245 4379 15 4694 3208 2552 388
