4978 4879 4817 2399 3505 4751 924 405 3401 1622 788 2399 1740 2960 2564 4333 3306 821 4994 3146
175 1902 3106 674 3321 125 2854 404 3405 4920 2671 3053 2031 2428 1316 4224 968 1075 1687 1184
1469 2345 486 1126 2735 1878 1948 1870 2677 2111 4511 1894 1820 2450 1643 1349 3527 4535 3790 1500
2478 2923 4716 4052 2802 1582 1944 3790 431 782 527 2394 4565 3332 639 514 2163 474 2889 1528
1653 3996 4941 540 4411 3954 2499 4751 1069 462 225 4510 337 1605 447 2024 3544 4626 3739 1098
3368 2611 2699 645 94 2399 737 1324 1230 2712 1039 3525 123 4276 3806 1648 2450 1545 3134 4786
4080 4879 1333 1689 1203 2394 3130 227 1627 2872 3129 4957 3866 4967 2304 2509 877 3670 4487 2993
2905 3045 3791 4035 4461 1229 4526 3672 4375 4282 4378 2265 2374 1726 987 4354 3040 2904 437 2611
435 398 2482 564 979 3207 4224 1659 3366 2499 1064 2450 2030 3980 3331 2164 1308 3846 30 3852
4206 2110 4943 242 2676 437 3603 229 2474 1994 4398 1083 232 3045 2428 941 123 4214 1494 2505
2218 895 3513 3820 2074 3650 2468 3327 2913 4911 1328 4415 4590 1346 3439 2450 3355 4415 1653 1308
3246 4848 4587 1186 1030 2408 1176 123 3332 3326 1970 1950 422 970 4936 2818 1335 3283 2922 2079
4259 559 4378 3980 4416 232 102 3280 2865 3991 2463 4312 691 2901 1638 3561 2854 4850 2074 4798
1347 3341 3852 1047 2090 2448 2488 3248 3384 939 602 2775 4565 2309 2674 2391 3311 3559 3958 4122
782 1392 3627 4876 4391 232 1417 1337 272 4543 385 4855 3014 114 1395 3535 2111 144 4784 4149
782 1415 4523 486 42 3980 519 2719 2111 3134 3186 1439 4897 2528 1301 2640 3366 2631 4672 2361
2788 4813 2687 3389 3239 4286 4967 2756 1891 1561 4672 4276 508 4184 2578 4615 1323 4602 3900 2993
320 2922 2828 3806 4270 693 4399 4515 704 3262 4994 260 2092 3813 4907 237 4540 4976 1599 1150
2459 125 558 4798 1346 3546 3727 868 478 1820 175 1840 440 4517 2640 3437 4378 1663 3826 4860
4393 1150 3484 1346 2215 4987 4011 3663 572 1753 864 205 1185 260 1643 1155 294 2394 3892 3557
3813 2236 4270 963 3224 3105 147 391 2950 1452 2090 1367 1522 2910 2492 3340 2528 737 4978 424
272 3334 1487 4316 3415 4672 4698 2130 4287 1294 3586 3852 3181 4850 3146 3908 3420 3939 4578 2259
4206 2087 2880 155 4670 2922 305 559 3549 3869 827 2788 1794 1530 1346 3804 2528 4827 2611 1733
2992 2319 2812 42 704 3436 1985 4564 2574 2269 30 1140 1041 4224 4798 1531 3223 4565 2450 4314
3370 1027 140 1769 4859 2082 378 3184 2505 830 1823 2505 2030 298 28 2528 1993 4498 1622 2881
4093 4879 1749 821 3649 765 1229 2698 4743 896 3632 2450 2132 2450 2721 2049 4891 3346 4962 2769
3933 1453 435 2309 3678 831 737 2030 4838 305 1275 1571 4312 951 1841 2561 3311 2361 120 1229
4206 2087 2992 2290 4987 3878 2552 4624 4543 1572 3516 2489 2446 3146 3120 4789 3494 2991 349 3899
4906 3207 1913 4382 1653 885 3431 4850 527 2474 1870 4305 1012 4736 463 1885 2932 2962 1692 4279
3212 2721 4989 180 432 217 576 3583 3670 15 2407 2362 1268 2084 1039 1346 1653 4855 2528 826
2111 1183 4338 3272 527 4442 1395 1604 2739 2922 4694 1046 3053 4094 2640 3992 2216 3769 3773 2408
1653 506 4428 1525 3332 2415 232 2786 166 3200 3024 3864 1726 740 3198 3245 4089 2191 241 3557
667 3019 3678 112 561 2450 2208 1293 3242 4737 4411 3553 1690 2799 3236 4425 1568 3313 4537 4307
1700 1458 4014 1622 1403 1696 405 4093 815 446 1261 3891 979 2905 2272 2215 2236 2799 708 4461
2300 3311 811 1749 2573 2305 89 3767 2111 3761 2889 2305 1223 2802 1957 1957 3972 3959 3408 1323
645 2992 4276 2147 704 2100 54 970 4041 2337 3156 1583 4506 2294 2191 3826 1367 3045 2178 2611
3465 2398 2573 4668 3678 1235 2843 2911 938 1667 3927 4299 1063 1692 2167 1041 693 1083 2611 965
147 3773 4542 3547 610 3061 2432 1692 2079 668 91 3533 2087 4617 3768 489 3685 3045 4962 2042
4134 1622 3220 2640 3965 3014 4457 102 1487 2394 437 4445 151 4524 4044 885 2363 464 2914 2586
2794 4649 1653 74 3457 2061 482 1750 760 4086 817 3920 3968 3586 474 3852 531 484 1704 1205
3306 2851 4499 4734 443 4885 2031 192 2001 3448 4538 3853 1616 184 1240 4791 1590 1944 3813 112
1566 619 519 4774 4406 123 3934 2564 3236 4501 486 4313 2429 1765 3586 1711 3465 22 4778 2889
3363 4487 1046 2860 3505 773 4957 1064 647 2300 3130 3415 4563 1641 2661 202 3639 2131 2951 181
1837 4641 4710 3045 2125 3005 4327 4576 4855 2346 3384 4670 3751 3738 3602 2557 3678 2217 645 4092
2566 1679 1346 3556 2191 1289 2450 1439 4010 2628 3134 1531 3495 737 2528 667 3641 4810 1913 4024
3878 2930 1205 1778 3986 1910 2976 1328 1622 4369 704 602 1653 1749 3641 4817 1453 3045 4624 4966
2779 2596 3058 1047 2310 941 3965 4197 3556 90 232 1335 3014 2598 1458 1603 1961 572 4086 437
639 4471 1821 4532 1246 1686 2259 3847 863 3633 1676 437 3158 1395 1242 4832 117 4035 2860 4562
3677 4500 2414 2600 3130 4357 2918 1579 469 2922 2860 1329 2233 2246 3401 605 3670 1439 695 2049
105 2428 4716 4044 3053 2053 3196 1595 3252 1906 4497 2611 2730 529 301 2131 3710 437 4208 2178
4602 4780 1814 4287 157 4623 2727 2139 3162 2922 4168 3820 3306 3315 1679 4957 1346 3827 1458 599
1172 1328 704 383 2191 2856 3813 1782 1791 4496 1776 3505 2224 3366 1793 1039 4352 225 2611 790
435 1648 2302 1898 4263 879 4446 75 570 2074 181 4947 2053 2082 737 2528 750 123 963 1948
4279 3326 1862 2024 4195 3045 3723 2993 2743 1035 789 4149 1667 3141 3617 4952 68 3530 2313 3670
4005 3079 2191 41 2727 2611 3680 2500 437 2555 1417 1524 1150 3186 3906 3651 2513 2111 1811 796
3946 4338 2294 4263 1421 3099 2032 549 4533 127 357 2415 4012 818 3207 1627 2074 1790 4718 782
4178 271 3963 1227 81 1194 2527 2815 1784 1908 1562 4973 2450 2218 4352 508 3134 1110 147 2699
4143 1201 42 3453 202 1643 333 1412 2555 1417 3813 222 1622 2573 2298 1324 4879 2747 1199 2131
3813 1084 4269 3565 2191 1067 2922 2827 350 1294 3494 618 1537 535 2058 3110 631 2652 4708 1653
2459 1813 4425 4087 1820 1058 3907 3653 4005 1126 2101 2920 4431 1767 3864 1098 4490 952 4415 1110
4481 1566 890 1321 1700 3236 3344 4248 2074 3198 4588 3134 4352 229 1698 940 596 3167 1284 3214
543 4501 4243 438 1129 2194 3652 709 3936 558 1918 1317 3845 1118 3409 1203 3556 3623 376 4263
602 4206 4094 190 2505 1191 527 3566 720 3134 1069 501 3790 2780 4934 2350 381 4924 2234 486
2257 374 3951 13 4490 527 3241 192 30 1993 346 4071 4263 3714 820 1878 2912 3483 793 2288
