105 54 1090 1300 3693 2203 1531 2611 1125 2699 1041 3053 2467 790 1259 2393 443 257 1321 3872
1203 1132 3678 3908 4352 3181 2344 2294 2298 2106 4533 2298 3505 4310 2905 73 4876 2643 1094 4092
2409 4010 1837 2377 1421 4941 3404 4759 981 3081 2031 963 4879 4851 1328 1791 3466 1471 2186 3045
4010 3677 61 1454 4035 831 3677 1604 1689 2879 4086 2295 2346 4786 2166 294 1139 960 1088 4654
1172 4500 2877 127 1825 3917 15 3408 2935 947 2450 3082 1709 3053 3053 3053 1726 1045 1027 599
4971 2191 2084 33 4374 3411 774 4415 3906 2031 4914 1667 3647 1098 4590 2178 562 3241 2500 2348
4338 4184 4411 3494 1837 4086 1667 535 3557 3053 2435 3674 3773 1064 3756 4664 2953 520 1106 2111
4758 4338 3670 4487 3045 3756 4851 659 4858 4270 1656 2435 1627 2450 1692 4305 3601 2759 767 3045
4284 1818 1328 94 4252 4672 1603 732 104 1346 704 1469 950 4537 2344 704 2946 4089 2191 2827
4259 2387 1264 3139 4012 3977 4446 1363 2472 1700 4563 4560 959 87 749 2081 4817 2890 3409 88
599 1223 437 4157 4448 3607 2238 3186 2663 3790 837 2408 2764 831 3215 744 2414 2357 704 1432
3670 123 2335 3813 1726 2642 3496 264 3651 1170 1643 642 3053 2935 2482 3053 3236 4586 335 4086
3363 3109 2611 596 2640 1507 895 1913 3638 3802 704 1749 602 698 2074 1622 2935 4933 364 474
123 3061 4065 1549 2516 1059 3772 3331 1147 2410 218 226 4618 4307 4976 463 1977 708 867 663
2935 1537 112 2131 2946 3638 2074 1719 2415 1507 4471 4127 3598 661 1486 1627 2215 2774 799 4200
850 2600 2376 665 7 2389 559 895 3311 2963 1947 2727 1813 1352 3959 1238 3796 4599 3674 3670
602 1172 1643 4676 676 1320 4022 1686 4125 1528 737 1548 4542 29 1679 4957 732 1837 294 1556
4583 895 3081 379 4267 4131 2378 2139 4791 675 2388 4013 1689 1862 4989 3994 1071 264 2290 3767
2478 2774 3796 3236 4342 3023 2506 787 1841 2084 2327 4186 1790 2984 4912 1813 2280 3852 1604 4672
1075 4619 4289 112 704 562 15 3610 691 560 3261 2191 294 2191 4498 737 1766 2414 4269 1294
2481 2260 1035 4138 1076 3900 4237 2564 4668 4523 2426 1203 2191 1234 162 583 2611 1458 1848 266
1766 3045 4259 4992 103 2050 3756 4089 3557 41 3556 4978 1774 1199 1342 4122 4149 3451 141 2015
1532 2922 4604 2089 3372 2542 437 1214 4086 822 3980 3920 3408 2774 4562 4773 2932 41 675 4017
2399 3006 874 3346 1622 13 3787 1346 4122 324 1622 1142 4831 4855 1975 2777 4307 532 2298 22
2719 4565 486 1622 704 2993 1589 3465 1562 3045 2132 1667 1142 2148 3989 1566 1090 4415 2408 4553
1066 4879 1857 4205 4817 4209 1083 1827 3045 437 4012 3670 2315 4042 2131 4263 3540 2191 3231 2191
4206 4415 2399 4490 248 3368 4827 4575 2220 123 638 1401 2159 3332 508 4149 4967 4224 2543 732
3826 1115 831 964 1342 1494 2482 2191 2134 3994 254 2528 2434 72 2627 471 2554 3105 4756 223
23 4279 3639 2408 3053 922 2276 4123 1223 809 4798 3609 4798 3053 3053 1346 1825 1319 2131 7
4495 1140 4877 3053 3643 1286 3279 251 1378 1088 4827 2119 299 3081 4312 1864 1284 2176 3852 3707
2481 645 3908 2450 3022 3760 3678 2779 486 2818 1217 1388 3494 2198 4338 771 3586 1439 474 2824
3404 4891 1810 704 4118 2525 740 1556 3134 4784 3091 745 4542 1562 391 3415 1308 2139 811 1709
4602 3608 3075 4506 4670 963 4490 4913 3796 4542 2250 3211 4791 4551 799 221 2642 2195 4993 831
1150 1862 3790 1052 2547 3631 177 2255 3908 2408 130 1217 1388 1820 441 3181 4603 868 4295 123
811 2611 4401 1346 3611 3899 1084 2774 501 949 2727 2922 508 2707 2611 2998 131 2827 2528 1726
4360 15 2246 3806 4205 486 1253 708 3053 432 3351 1624 3942 583 4565 2876 207 1088 3946 2074
1069 906 2090 2323 1397 436 1852 136 1947 233 209 2938 2897 2288 3505 3968 4623 193 3133 2905
4263 4670 2027 2227 3697 2443 469 602 1346 341 4378 3758 3053 3408 4122 2738 2614 505 1862 2216
4458 3017 2611 2298 3225 2654 437 3326 4751 2661 4247 1561 3892 4012 2611 2876 2391 1458 2292 210
1335 3600 4477 4289 3652 2632 4913 3547 2290 3749 3494 3580 3712 3252 4623 2191 2050 101 3586 3444
4487 2489 62 708 3237 1128 3187 4907 2395 486 704 3328 4213 2320 602 4994 868 2408 3218 3758
1030 2810 3962 4779 3505 3678 4205 965 3147 4256 2656 1487 987 75 2176 1129 2824 4865 864 627
4505 3943 4249 1233 3751 260 862 3685 1774 2802 535 1346 1818 2542 869 2315 831 4086 397 321
2826 4214 2092 48 740 363 1150 439 3437 693 1571 388 1740 3632 450 3167 4367 1782 4276 2298
4086 2257 3045 4458 1416 501 2812 3790 3908 811 2298 2191 2922 3670 1969 2782 1918 4596 2756 2164
3962 1979 3207 2900 1454 41 4619 4012 1458 1643 1320 4123 1746 1980 1632 4402 1465 3638 1440 4015
1837 1525 349 478 3230 1561 4387 4668 2527 3761 2393 270 4879 4531 3053 1936 4214 1346 1751 2393
3006 2131 1280 3363 2063 704 3191 708 2608 4960 1494 1692 2788 4214 486 1537 704 3378 1205 947
4952 405 3374 981 4260 3767 1507 892 1689 3494 1661 693 1770 42 1088 1142 4698 3437 2755 4551
1779 315 1413 2820 3769 3421 3477 2552 28 3147 3758 3209 1914 1204 1040 1124 2611 4965 774 1862
3363 3849 2249 1425 3053 4415 3409 2119 2767 3678 4176 2189 4748 441 2921 2318 854 3241 4276 4080
4502 4012 1976 4711 1088 2554 2295 1403 3738 2628 3141 1653 811 4122 3683 3939 965 1335 1692 3317
4004 2639 1757 39 1333 4446 437 264 3258 4263 22 2743 978 400 3583 1839 2981 821 1171 1627
4080 4140 3958 1616 2564 4010 3813 1363 3262 2857 777 2702 1089 4276 4594 1081 732 2786 2084 33
4978 1287 2056 280 3134 2057 3737 3331 4661 2521 4431 3769 3045 1653 2865 2408 1622 3790 165 1132
770 2922 2505 766 2264 1906 3670 3994 4716 546 831 1128 3186 4098 4798 1041 3749 4010 1991 245
959 953 1465 3833 862 2195 1460 3494 2450 1088 1721 2854 3193 4289 2335 2408 4195 2118 1054 1504
723 2074 1909 4817 2391 1631 2320 2844 4184 3769 2232 3599 13 636 3672 28 2115 4425 3617 13
522 704 1426 3218 1927 1692 698 3261 3674 550 1268 2922 2640 1405 1346 1522 3248 1837 2031 245
3994 4830 704 4333 4978 4827 41 1439 1465 1465 4086 1045 3122 4263 4467 3586 1421 4529 4855 4667
323 1667 3901 3908 2294 437 2610 2450 4808 4305 4891 1957 2639 4855 3617 1375 3073 3053 3014 4125
4286 4076 3330 140 4493 473 4287 4817 1139 556 2032 2074 4704 3408 293 3154 3457 274 1913 4860
1643 811 4796 797 4880 645 1837 4791 3408 704 1643 3851 4086 1793 3908 3638 3541 1076 1862 222
1205 896 593 1929 4408 3196 1041 4058 1627 704 1749 3081 1757 1039 2672 1482 1142 2963 1401 1913
