751 1643 3607 2786 1088 1855 901 767 3582 2393 2191 437 1166 2611 1346 3494 3223 3879 1913 1061
1075 1954 87 3690 3997 4009 4034 3451 617 166 3609 2674 1643 704 3752 2090 1142 1280 1183 3566
1698 4485 2298 767 3045 3619 1522 4086 260 2092 2408 4401 535 1067 4879 2935 811 2038 1891 2191
4134 181 3818 704 1749 1991 1238 2683 987 2273 4978 1203 3408 3030 1969 4670 2139 1439 950 1300
2575 129 1325 4263 1088 806 2840 4565 4900 2191 2611 3831 830 2733 4543 4798 2689 2391 4237 296
4433 4263 3933 4993 2132 1667 4297 344 3564 3222 3977 795 4496 1916 4994 2431 3366 2963 2191 1426
340 2528 821 1484 2499 2209 1734 2786 1582 963 3806 922 1041 1993 1067 535 2191 2611 4378 2191
4263 3772 3570 3988 3327 1465 103 1255 203 1098 2954 3710 3554 4360 2440 357 3218 917 4052 4123
2955 3442 4089 1794 1667 1487 15 3208 3573 2854 4415 2922 4318 2639 4851 4115 3265 527 2498 165
1643 3289 1203 1851 780 3906 1346 2063 1622 1627 4859 3022 2271 4958 2500 3659 1667 4565 1418 4906
4071 4904 2133 3004 3652 3045 691 2280 1508 1088 4338 3958 932 3497 4205 3082 3110 250 486 1320
218 2947 3678 4830 2030 1513 1232 2935 428 1078 2854 4668 4355 3903 4504 2220 1703 4276 112 2166
1069 3973 2596 3133 4817 4240 1067 3241 3993 4879 4086 1311 3939 2610 2698 3855 2030 265 4866 740
448 4109 4963 1679 2854 363 744 799 4478 264 27 1346 24 2194 3945 2481 315 2101 4477 3486
175 1188 708 2922 1707 1665 1619 2481 729 1982 3080 2446 4879 1418 435 3019 4512 1130 75 909
1346 1328 2191 1975 2504 3556 2082 1249 1011 4322 4076 3965 4086 4742 4086 3905 3756 2803 806 2450
4628 2789 3494 622 3758 4694 4855 1476 4670 2922 2768 90 3611 3775 2611 1643 2528 1300 607 4355
4307 4086 2191 1404 3639 4475 436 4360 1328 682 3208 2827 3751 895 3670 3189 1793 2131 2191 4737
2303 4086 1951 1757 283 2133 2699 3610 3236 667 2061 273 438 3650 242 1498 3906 2415 2450 3181
1537 4004 539 344 4855 583 2139 1962 4357 2642 2686 2827 1041 3943 3451 237 1088 4478 3228 2774
3908 3851 2255 340 3632 3861 28 3366 4136 3075 2481 1622 4338 342 3989 2884 590 3052 2247 3811
4865 2401 190 1421 2627 562 1844 3281 2074 2191 704 1749 4279 3415 4337 4596 1646 3752 46 4425
117 4315 388 4080 1325 1041 4209 1170 1862 4957 437 400 3982 1203 3939 1308 486 3241 3557 4737
4517 4930 3608 1627 3790 4590 2271 693 1590 869 3796 4978 2945 2614 2176 732 3213 437 1214 3791
474 4086 4263 1088 4668 2477 2544 2061 463 3370 2131 3388 22 2203 4248 4880 3081 4430 2348 102
4532 2335 4672 1465 713 4891 3958 1722 2429 2854 296 3908 4197 4664 1439 1366 1839 1667 1750 3695
3378 2446 4287 3564 4817 4426 3148 4495 1709 2963 1851 3053 2288 1726 3534 280 4827 1627 2760 318
2992 4879 2777 2111 704 812 3927 2399 1088 4382 3388 3674 4551 1426 3782 963 1970 391 3906 109
1098 2701 550 992 704 1187 2315 2922 4021 1067 4810 3811 1601 200 1571 2851 463 869 1223 2200
2455 508 1618 3751 260 2696 1970 4487 3045 1054 1918 4498 3758 4855 751 2472 2863 1154 1689 550
3933 4791 831 860 1667 4565 1622 3939 4010 3670 2914 1277 1178 1041 2036 2695 2280 3847 4498 2621
1433 3494 3409 4500 2640 4855 415 1867 1539 3451 4855 1726 15 595 1308 1494 2111 4360 1906 3852
599 4480 1707 2205 4957 2378 3834 965 2525 1667 2884 1061 2613 4743 1548 3383 3147 1321 1142 3667
4086 4865 4891 2849 3791 4372 1203 4415 1126 363 1507 2807 58 3148 1126 4469 4149 4604 2357 1011
4206 508 1601 3659 1632 3053 1199 4263 3389 3380 820 3142 2611 1930 4100 3094 2704 2391 488 1321
3586 704 1395 4978 4338 3307 3663 446 4086 535 1355 108 441 2905 4312 2027 2611 3446 2444 2467
2509 3586 4352 4086 2295 3408 3200 486 3241 251 495 704 3186 1142 2191 2288 4378 1045 1562 3207
1653 3226 3734 4859 1837 1573 4471 3758 4660 2220 1654 3053 3641 4027 3392 1653 3906 1973 1069 15
4495 1098 4435 1784 1891 4798 245 2176 4276 2640 3192 2611 3119 965 962 850 4957 2446 141 2197
3357 2323 2676 4342 2083 1270 1460 637 761 460 2481 1785 6 1267 431 729 2191 158 4490 1679
218 781 2498 478 1311 2552 4776 1357 2298 4276 776 2789 771 1861 3428 4542 4698 1823 437 2555
3130 222 201 3085 4065 2520 2815 616 3894 4859 622 257 4517 4941 2742 1789 4352 708 2414 2220
2935 436 1667 4205 4532 1366 935 1848 2295 3610 862 2177 1142 3619 2408 2945 469 869 3716 474
3908 4941 2914 3651 3045 2935 1942 2499 1128 4817 1328 1643 2176 1653 4375 3638 691 2505 4486 3855
2935 125 490 1709 148 1632 1259 3374 3790 3796 4994 2856 2311 3946 1325 3189 3502 2131 2179 2408
1993 4879 4798 515 2653 1475 1653 3053 346 2116 4196 1913 2443 515 522 3710 1537 3178 742 1537
1757 2922 424 441 2872 1083 4012 1861 2230 4855 4501 4940 3241 4401 2573 2489 4080 2137 2290 2778
2960 3685 3899 4799 3860 1378 1818 4333 2856 1371 315 2727 1635 1571 3553 4252 2392 4123 3977 2933
2415 3852 1418 112 1653 2480 2408 2922 2828 1040 1757 1679 2652 2956 486 3236 4947 3776 437 4836
2430 903 2641 275 2610 4338 3677 2600 4263 3696 4080 4775 2921 2429 2194 2048 3853 2318 1407 3720
1653 1622 2786 4438 1325 2727 30 3860 1308 1494 437 3141 2276 2223 2220 1891 165 2408 4565 1689
3438 3098 2176 2131 1996 2137 4523 4287 2643 4127 2414 1045 1619 222 28 704 252 2090 3751 3332
3363 4565 2393 2827 2962 2860 4921 1291 2092 3683 3246 4559 1667 42 4672 28 1556 3505 1011 3674
486 829 1421 4891 3081 2780 4626 3381 3434 3670 1530 1470 2092 4753 1609 4987 3081 2814 2294 4902
4080 4076 1140 4565 4817 2769 4056 1507 2786 1580 1969 2611 925 3796 3759 162 4346 1604 1862 2521
770 1088 2191 4290 3045 645 104 4803 4005 4817 1041 3053 1632 3187 3908 3587 4989 4741 466 4942
2439 4542 3241 3996 1566 2963 1711 1253 2408 1837 704 2249 2556 1627 1192 3331 1182 2774 237 742
1537 2435 4312 1328 2922 2980 1530 4340 3236 2399 2092 3366 2030 2089 3054 3465 1870 1155 3635 101
236 204 2678 2843 2439 1136 3141 3494 3494 2280 3091 1195 4865 526 4080 790 1562 2822 1373 1318
1416 123 3813 42 4042 4305 74 1213 4798 3224 4123 1368 3045 3836 437 2840 1142 3561 2195 4957
3219 4604 119 4034 1891 4542 42 107 3958 1199 1495 30 2221 2132 2302 2057 3017 2854 2627 4387
4999 2446 3852 2922 1120 2998 4149 4352 1413 4685 2223 3053 1205 1413 151 4065 3599 4535 4239 2178
2611 1562 476 4276 2415 1441 4507 1310 294 1488 72 181 1690 1125 2220 1479 4543 1821 3860 2922
2065 4289 437 2905 767 2458 3273 3683 41 3961 3363 2837 527 1283 2408 2889 1199 1448 4827 3053
