4779 794 1814 1875 2408 123 2191 3603 562 2481 1635 3816 1604 1741 3981 2963 1312 602 4978 2668
4014 3045 1653 821 315 1643 151 2843 3045 4957 1336 2544 366 4774 2827 2572 341 2040 1140 4144
3049 215 1886 2393 3482 863 2826 4817 388 4994 1203 1199 4480 2191 271 1286 4012 2611 2298 4042
4206 1416 2133 2393 602 4446 1880 3879 4381 3508 4526 2133 4860 1140 4985 2057 3200 2450 3920 1885
4089 3465 3219 1441 4504 1321 535 704 2922 2042 593 2812 1142 737 2481 28 704 1749 3045 1906
1075 4670 365 4504 4941 2402 3908 2176 2018 4417 1465 3564 4333 2793 2414 2137 4817 4590 3756 3939
2962 2262 1571 3495 2231 432 2079 3765 953 1848 2061 1279 4355 4838 3057 3818 4210 862 3685 4378
3394 4790 2290 4672 1308 2029 112 2246 2155 963 3861 1537 2184 3325 501 2391 1088 1223 510 2393
667 2025 1083 3371 874 1346 4554 3582 1588 2393 2890 1830 1522 1973 3672 3855 4098 3996 2191 3566
2579 622 257 1198 2639 56 2191 1868 2118 1813 4865 3541 335 4994 4504 4305 4237 1470 1397 4537
2938 3796 1627 3288 3313 3331 4446 535 1371 4987 4134 4909 3816 4086 1881 1622 526 3806 2340 3378
4944 2446 2633 30 363 3511 1203 3391 704 4760 3939 688 13 2415 4286 4805 336 2929 4449 1320
1837 2302 3670 4487 2074 4100 2318 3603 4972 2505 437 4817 3218 1970 3277 4296 1359 3252 2394 4398
1469 3045 1166 1889 1653 2399 3053 1494 2294 301 4609 2505 2336 2895 1277 1140 26 744 3610 1731
4286 241 862 3634 1519 4805 4800 1066 885 3473 3751 15 4913 4276 1709 3908 344 3647 2611 439
2399 1458 1421 1692 4565 2191 1136 435 2856 704 2294 3081 2315 2922 379 4158 3338 3241 2089 2257
4759 3502 4626 1342 1041 2528 2968 2074 2644 2288 2027 1891 505 2611 3556 1747 1689 107 2349 3022
1993 2348 443 4926 3212 1088 2294 181 2415 4086 3852 2292 251 2084 3252 1805 2030 90 2642 112
562 1066 3642 708 3408 3401 4684 3651 4089 4000 1715 2609 3833 1397 1328 3045 1005 3408 1604 4523
1234 2446 15 1337 366 2572 1199 437 98 1991 2482 2048 1320 3085 978 2271 2351 3045 1571 1667
2579 4708 782 203 4252 4537 535 4482 42 889 1770 3388 3673 3657 1726 2074 2503 2429 1632 1590
2606 4416 2238 3811 3019 704 831 2408 602 2408 2414 2357 4796 1476 174 4131 3939 264 4993 2922
486 3099 1199 3958 2552 2113 4409 2450 1692 1830 4867 2317 3852 748 3087 3723 1561 1531 3513 4263
2843 1980 558 357 2687 2480 2391 112 41 1622 4681 1027 1286 4614 1158 42 582 270 3053 1421
2191 1750 4287 4532 4438 3483 28 4123 4815 4805 2036 3045 2033 1617 2594 1980 3075 3749 4052 3008
1793 490 2640 2898 4149 439 437 4333 3758 4094 1726 1692 1821 4751 771 3670 3989 3014 1830 2259
112 2297 3420 2446 4086 2696 1579 3527 593 4642 538 1203 1864 1599 777 1862 675 3790 254 1980
2921 2640 4263 879 4851 1121 2528 2838 3066 4307 968 3678 4891 2609 3004 3790 3045 3494 3557 3053
3162 2528 4791 4662 4086 1185 486 2611 2133 2450 3551 4702 3958 3415 3228 1088 3751 782 136 4634
562 4086 2611 1379 323 1458 3557 3547 2298 964 645 2727 3826 3412 4209 2074 2074 2673 1128 3432
4759 15 1088 3853 4202 1427 1891 2004 2854 2727 593 4913 1458 2393 3045 2063 1659 4086 2611 3669
2257 2368 1674 4855 4415 1627 2814 1494 4209 437 2529 3737 3816 4817 868 3409 4967 3813 2280 141
4010 123 310 4243 3864 4086 2963 2074 1653 2074 2778 4876 3557 2214 1692 4784 1214 1980 4668 4885
4504 2938 437 4410 3333 1232 474 4523 364 1692 3739 4819 3685 155 3739 4123 1654 2474 3981 1321
2357 431 3976 1098 2849 2815 3586 2139 3892 1667 4565 3939 2238 2191 602 1767 850 4111 1328 506
3363 2191 1223 1837 258 1130 3366 1088 4585 3481 1434 3228 4817 1041 767 4487 1635 1128 1328 158
1324 2537 3332 4626 4810 4379 4446 2528 2520 4737 436 1210 3378 4714 1556 4850 732 2139 2191 2481
3130 3312 4184 4153 2922 704 2121 1326 758 2702 56 1202 2450 4208 2178 4214 4914 4601 4551 4076
2962 437 4255 2775 4855 3958 2682 3045 3222 1045 1179 2922 2100 2972 3053 1757 2312 2074 1667 391
262 376 3560 4302 1622 1405 1088 3589 1537 3072 4598 2092 3908 2249 1861 3760 412 4836 4523 4086
1470 3045 3045 3045 895 3081 3465 1635 1045 869 3727 2278 2325 1985 3791 2031 4080 3982 3332 4698
1083 3981 630 3401 466 497 4586 4855 4802 1687 813 2706 3415 2528 464 704 602 2049 1857 1147
602 1346 3508 3751 1667 3494 4576 3198 3891 4606 1625 751 1087 3448 4080 1805 1365 2320 3586 2213
3908 3996 3502 2557 4263 1598 1659 3853 3878 1245 4756 2139 4086 1194 4014 1155 2905 102 3141 2455
2779 1750 486 3608 4214 4957 437 1704 2320 4495 2149 312 2393 4097 75 408 1784 3453 3563 1088
2640 4338 2643 1837 4489 4817 1667 953 3215 593 4855 4144 4717 2667 4796 2290 4944 3573 1262 1057
258 545 2380 3756 1058 3879 3009 2640 2031 2597 3791 3611 4463 2611 4855 2863 1734 2905 2727 2423
3791 794 2315 4415 4495 2727 486 1818 2337 1346 344 1314 4276 2385 132 4634 4861 4798 1531 987
1040 2598 1083 312 2505 2462 4670 963 1081 2408 4797 1818 4089 2863 535 4012 2178 1141 2874 2408
1709 1066 4879 4354 3642 3820 30 590 4773 417 4872 15 2600 988 34 1328 602 1346 1364 4394
1844 3563 1698 3474 2304 981 1813 4668 4338 2082 437 3557 437 4378 2191 1494 2050 2598 3690 4279
3437 1346 176 1106 4086 1881 2828 4542 3813 4263 1781 3790 388 1580 517 370 596 2415 497 4827
2826 963 3673 704 1784 1565 751 1592 3507 4602 1126 2890 1124 4718 667 3670 4978 2698 1280 4772
3130 527 2030 1635 4467 4270 745 4378 2191 1079 3494 1530 1276 574 737 1837 3404 2414 2271 2708
3212 704 2552 3268 3494 4798 4256 3610 405 4817 1328 4913 3579 3758 1241 3511 4147 4285 4506 3549
4168 1893 1040 1328 506 1664 4622 490 3826 3190 3908 871 4662 602 1346 349 1977 2676 2860 4511
3952 4099 2191 2178 75 4798 2860 3906 1818 1417 2408 452 4313 4195 1565 1136 1562 1665 3758 296
1235 15 558 1349 704 745 4052 2004 779 2982 651 4526 2139 1561 2475 2998 2993 187 2155 4670
2791 466 3938 656 4576 2386 486 1970 4487 4086 3475 3483 4473 2191 4153 2854 4989 4656 2890 94
4296 810 3931 2298 2528 4791 4891 3965 1471 1465 2627 862 4933 3892 1696 2500 2565 2061 1862 3590
602 1818 3534 1418 3580 3939 1142 1818 2176 761 4080 2673 2625 3001 782 2031 4704 15 439 422
3908 1913 2030 1203 4627 441 3053 4263 2290 2854 4798 4798 2148 4928 794 273 4672 2964 1726 13
3939 2700 2922 837 4319 3301 4902 2611 3982 441 1142 959 3408 2779 4829 1448 1805 3496 4263 1941
4817 2826 4691 1465 3638 4913 4779 4199 2552 260 2217 3045 2992 4902 3672 4279 474 439 4859 4240
