4953 4562 4565 4881 1667 4565 924 3992 93 4490 569 3846 1294 1559 2973 3607 1533 953 2111 3210
4208 1574 3273 2997 3094 2922 3751 490 1664 90 268 2294 4987 3624 3212 605 1098 2874 1572 1426
1431 868 956 987 1970 990 4756 527 4383 4817 2176 450 4923 3716 4339 4342 2191 3847 3401 947
3404 2828 2276 2131 4908 3183 1112 868 4263 3922 4480 437 2631 4891 4153 1088 4338 3670 2027 599
2757 1142 2295 3908 1170 2974 3496 3528 1421 3004 2405 2450 4046 2131 3338 2111 642 3038 2515 854
1770 4879 4552 1234 1455 3752 1993 2376 1335 1088 3738 1881 2052 4289 3415 412 633 4851 1561 1432
4206 4398 333 381 3045 1788 1885 2634 181 3505 2478 3001 918 379 463 604 3451 4798 2211 4504
1066 4830 3674 4134 2132 3870 1622 1116 1862 398 977 1505 2542 3134 3976 3990 3758 4467 3310 183
4206 4437 914 4122 3189 901 3670 2528 474 3663 2481 3045 1800 987 1912 3236 4694 3307 3065 1131
1469 704 2609 1827 987 4086 4304 2611 2609 4542 2707 3081 2027 151 4667 3321 2032 1342 116 102
2498 4681 3105 2041 1912 2478 3494 3087 2947 41 1653 889 2208 2807 843 3045 4097 577 885 1726
146 4270 2640 4342 157 4998 419 758 3033 166 3437 2090 4698 2092 1318 1595 2993 4446 2876 3085
4779 3670 2978 2528 4417 1558 988 3796 2439 3505 2611 3074 4551 1889 1002 2084 3451 379 4543 2611
782 4672 1726 4387 3022 2687 4480 227 3134 2191 2860 3959 2450 3494 1721 2984 1324 1667 4565 1401
4097 3234 2586 960 3670 441 3651 2102 4140 205 3530 2238 3813 808 3820 4333 3908 3022 4252 4384
4517 1561 1402 3654 2611 1270 3022 26 4610 2133 3096 4319 1920 174 2913 2166 2478 1667 2721 1107
2132 3958 4642 1486 2298 2733 437 4011 3223 4702 4038 3740 2131 2208 987 1452 879 4122 3977 817
2111 1171 4342 3408 3566 4280 2087 130 3073 3226 1157 4623 1908 953 4941 885 2860 4131 2346 4551
339 1434 2642 3670 2637 4166 3873 3653 3334 437 3253 2595 4967 2408 4985 1171 1346 2922 2030 3262
105 4586 17 2298 4656 2034 4462 588 1969 4289 922 2428 885 987 2802 1891 4248 2786 1301 3017
4056 204 644 1140 201 1921 3912 3790 3760 4357 2298 1356 1561 1941 4401 2288 2197 4811 2164 1375
4206 2993 2315 3014 1363 651 4097 2616 3724 1418 4012 2700 3758 2898 2530 4747 2191 3272 2827 3134
3262 542 4601 2978 4694 1661 230 3053 1893 1841 1734 2220 4456 1656 469 2788 4250 415 4908 4387
23 704 478 2667 1579 1453 437 3902 4286 2050 2388 23 2450 486 4010 4205 4027 2179 2528 2092
3130 3685 2391 4597 3045 2735 572 4498 2257 1697 4737 2074 4435 4271 1368 1494 1198 4749 2885 724
3363 723 2788 4431 4830 4742 2459 3190 3791 437 808 1079 2385 2086 2857 3218 3476 3045 4379 2393
1030 127 1610 15 4342 4994 1267 2759 1310 4725 2216 2218 1726 3019 1473 1795 1037 1767 232 908
1722 3465 2345 321 1770 2308 3554 3408 1567 1328 1889 1813 2131 3159 956 2778 2608 2027 4741 4465
1030 3340 2408 4865 3562 3045 1034 3311 1948 530 271 698 3852 3305 2294 233 3818 1172 4865 4670
1845 3321 462 2481 4717 408 668 4911 3682 4206 3852 4385 956 3302 3760 2849 4796 1957 2191 3416
3946 789 3223 4471 3586 2082 515 1338 1199 613 4100 1027 1870 1458 3777 3982 376 602 3986 2888
3363 4798 1083 527 3761 1888 3586 4086 3997 28 2807 1346 3506 4415 91 4737 3141 1321 41 2827
4628 4415 2294 4002 3386 2063 3852 941 2485 3376 3192 4172 611 704 4604 1645 3927 1880 2069 2699
1891 4002 2238 174 1352 2137 416 2113 3554 1041 1041 3053 28 1147 275 3053 1818 405 344 4596
3820 3586 3189 2178 1734 1174 3494 3965 4461 2360 4592 4117 3352 1720 3858 2142 3001 3826 1695 981
3908 811 889 1553 704 4002 2482 4551 4668 3641 885 4515 2145 1531 1349 1985 432 2442 1106 4214
2137 2611 3547 4276 2031 323 2611 2102 1667 13 822 2854 189 312 2993 201 1834 3582 1689 3840
1040 605 4565 335 3669 1172 3852 1734 2663 3059 1523 1301 3192 314 4647 2309 486 748 829 153
2036 4172 4069 2368 4157 2399 3059 2164 4263 3007 3638 4446 2135 15 2238 747 2960 3445 357 4865
3218 945 918 1005 717 174 2963 2131 2186 3852 486 2407 4586 595 2914 1465 1717 2678 486 112
187 1284 1413 1199 704 4902 3332 3908 405 997 3465 1495 301 4710 4446 885 2131 2827 2606 4295
596 1140 2388 3222 3965 1692 4565 3851 3420 4229 3059 4259 1041 2006 2498 1464 3818 271 4214 3014
4286 653 4953 3744 3958 2208 3465 2914 1094 3710 1176 490 3175 49 505 1530 3908 3236 1659 2393
2109 3727 2854 439 437 350 4987 1476 616 2298 640 1239 2271 4670 2238 3366 2954 219 1653 4537
4206 2030 988 686 1841 4446 3161 2960 2999 1420 1866 505 2733 232 4546 3559 3139 25 2898 1081
3162 3739 3376 4605 3326 1121 4319 1581 416 4195 28 2302 2198 3904 4000 1590 1346 2553 162 3586
4500 1178 1627 1089 4276 4779 191 2137 2191 1012 3146 2415 2450 3852 3790 3591 4094 3478 1088 2191
2704 2707 2102 237 784 4582 575 989 3335 1548 1074 4941 2137 4486 2450 985 1286 4865 4809 1838
992 1041 1041 65 3004 3585 215 374 4256 1913 2399 3061 4987 3783 3332 1163 4655 1439 4014 3670
1053 4080 405 3479 3647 2314 2698 1308 271 1033 474 3306 117 4529 4967 2992 4013 2049 1248 2344
2593 3960 3154 2155 1754 2426 1041 622 1916 323 2611 2907 1293 2390 497 576 3006 4851 2564 1722
2905 1788 3566 2660 2727 0 704 1312 3146 4974 1198 534 2528 562 2633 704 3846 2414 4478 1234
557 4740 1891 938 2334 2090 965 828 1176 15 1205 3146 1698 2977 3760 4444 3564 4504 2294 1667
4737 3511 3919 4097 2408 4993 4438 303 3505 3146 3716 1667 748 2408 4565 4662 2505 1233 2149 1805
4919 1342 1041 4378 3133 2802 1324 4495 2818 2701 4610 2788 1889 4313 422 2818 2031 3207 588 4086
1750 1273 335 642 4400 3590 4640 2827 2240 3547 3738 2581 505 4532 4445 4342 2661 3516 4315 1929
2191 3494 4287 271 2912 3599 4817 4052 4540 4994 2407 895 774 2904 1793 1609 652 4095 971 3652
2084 2930 1498 3045 162 2294 4319 3958 1950 1667 3670 1375 1819 2298 4375 2699 1892 233 1851 2426
3779 3647 3670 4487 3045 4446 3587 3053 4167 1571 2191 3045 376 3669 1583 3404 4672 2318 4322 3556
4739 1275 2596 4827 4798 820 4423 3461 3068 1439 2922 4862 1970 2133 2949 965 1609 4415 3977 1176
3148 4685 1537 3718 2699 234 527 2698 141 3008 1891 2293 4634 4662 2092 4855 1609 2092 2998 2269
2733 3321 1548 323 4011 327 4897 182 4737 497 2035 1346 4074 3033 1862 4994 1064 1506 357 1807
105 3087 1600 4759 3790 181 1325 3986 535 2111 4979 376 1413 777 559 3008 1109 1451 4817 3949
368 486 3404 0 3148 2087 4575 227 123 1232 4832 1973 2276 437 4333 4565 2786 193 1098 3770
