4206 4978 1039 4707 2213 2516 1328 171 2788 1791 4255 781 4796 3329 35 643 552 1885 3139 2600
1150 2450 3006 474 4012 2780 3586 3804 895 4978 1689 691 4817 98 860 3372 4606 1980 1293 4029
3850 1781 1580 3958 2874 963 704 3444 3224 2344 2317 3946 2528 1439 4457 4840 2922 2126 4798 3714
4776 3772 2774 885 2398 4338 3751 2600 486 981 4487 2629 989 2070 4347 1643 2970 2027 1208 2155
362 667 4934 4565 4054 2450 2905 863 2917 2393 2113 3001 2199 987 3236 562 761 2030 2505 271
4583 1088 781 3033 1980 1088 2037 916 3527 4879 692 4417 275 4149 4102 4279 2753 102 4751 4994
3908 545 88 2682 1969 4289 3404 2079 4855 2061 1011 4771 391 3563 13 3678 4827 789 3236 1338
1993 3563 4854 2611 599 1636 3796 941 296 3974 2049 322 3734 4668 1142 2217 3834 3059 4503 941
782 2528 532 2640 4214 2678 1069 1139 862 3241 3996 4672 4538 2564 1845 4827 4381 2827 2992 4367
4540 275 748 4729 4897 4876 3084 174 632 3682 2856 1942 2840 2349 2396 4651 3976 41 4031 202
2310 4542 1980 3734 1830 2642 27 4423 248 336 3852 1439 3329 522 4586 4276 4080 1565 2294 3763
4604 2773 3073 2197 119 1609 4149 4507 4307 3401 4891 4213 3610 1315 3886 3053 3053 1465 3388 641
3230 1315 3147 397 1837 2325 3053 2525 1088 471 280 88 517 2391 2611 2596 2157 732 4526 3734
2935 2111 1885 597 41 1117 1088 4819 1571 704 91 4565 1199 185 3075 1582 225 1205 1233 3709
1328 1346 4697 4459 760 4487 1360 2731 3222 1321 1098 223 4487 4140 1147 1098 3022 2305 1474 1957
2961 4978 811 4669 3962 4372 1375 4166 4665 2012 4729 4022 2393 979 4694 1590 2824 4403 4123 3054
3189 1323 41 4270 3366 1140 1011 4543 3220 3760 2642 1825 2320 204 3610 2761 2613 1571 1622 811
1874 4313 1083 3906 4537 3892 693 2640 3344 2113 645 1830 477 1041 4195 2914 4032 3949 535 3130
3181 1791 3906 3758 587 439 2191 1957 2191 1494 2320 1908 1837 3252 4086 3547 751 2409 1398 3473
86 817 3965 1538 2991 1363 985 534 2854 2015 4218 2721 3401 4252 4459 1194 2576 4401 889 2724
1326 4415 3494 4342 4131 2191 2050 2989 3527 2215 3564 4624 2393 4861 1621 4631 145 3860 1098 3227
4093 4909 732 4532 4411 4978 2498 292 3081 4670 4411 1346 497 4670 4372 2992 141 4750 1275 4295
2234 439 1531 3141 2865 1139 3955 877 2596 3444 432 2747 4626 1458 119 1349 435 2693 3022 858
3473 3505 4231 28 2016 930 4052 1726 3992 3414 3075 182 868 1426 1277 1328 3091 583 93 3854
3362 4992 4957 3134 2191 889 2865 4287 3383 3085 1690 4670 4820 831 2050 1909 486 2450 2408 13
4080 4202 3105 1973 693 727 3240 3053 3348 3583 1643 4185 3223 464 1504 35 2019 4374 1572 1312
3404 4891 4775 1840 3962 3936 2521 2822 2824 4264 2528 1214 1667 3749 1041 1627 1071 1097 4594 517
3574 3769 3877 3366 2203 3831 3570 3602 3438 4237 2600 1363 2349 437 1346 2302 4246 2889 1976 4461
2742 4415 2501 1840 1346 1784 344 1941 4779 1335 4267 248 571 4004 33 1842 1748 821 4810 1342
3212 4727 2521 374 1875 105 799 201 803 2414 4155 4629 1958 3521 4446 969 3892 1643 3142 2432
4517 3139 3022 3949 1067 4214 80 947 1572 2779 864 1609 1088 3332 4517 3751 3262 2133 2950 1240
4832 3603 3928 2331 4769 3647 4149 4046 2643 3952 1852 353 2381 1627 4071 583 1609 4484 771 4989
667 4446 4791 2388 260 1088 3509 1233 1910 2191 889 2759 4351 4577 217 1286 3408 2031 2778 716
362 1709 2828 3366 4596 4205 3340 3965 215 4814 3341 4697 3561 2856 4383 41 4123 1813 4772 3208
4495 4383 4448 4205 4817 2391 4044 2802 2611 2293 4919 4718 2423 2600 1808 3099 296 682 1343 2230
4611 3727 1749 4702 1734 377 2849 505 1696 2482 2111 1208 4877 3840 3845 4076 2642 3756 3928 3617
753 3739 3612 4709 136 2573 4810 4166 851 4604 482 1840 2879 3613 3058 2097 4619 4086 3306 2528
3222 4125 4697 1259 4817 1041 1608 1041 1041 1041 1041 1041 1627 4639 2349 4736 2343 3619 3846 3833
3171 3561 4140 981 3181 1622 3302 3651 1723 120 3053 1818 1562 1644 1334 4876 1345 2374 1726 1749
3287 4158 2111 2305 2398 1033 3022 1692 850 466 4565 2838 201 3670 4144 1067 4800 260 2092 3900
3608 1851 3892 4995 1153 2087 275 384 4481 47 3022 206 1328 3957 1098 1535 75 2632 1364 2611
816 1679 1571 1519 4157 1074 1319 599 2320 4565 3864 3446 811 3053 2854 4716 2346 3053 3408 4140
1469 141 1622 1970 4352 4677 1235 1590 4914 441 1759 1861 3218 561 3169 443 2826 1439 1000 3670
4086 3453 2141 4325 1789 335 2678 1731 2187 3451 1817 1508 4342 1371 171 2786 1488 272 4737 437
1066 3762 2242 614 2399 793 4125 4131 94 2218 1749 4956 1312 1006 2922 1088 2679 4307 3001 1140
1064 2009 3310 2031 3701 2315 1009 3486 1041 1041 2836 34 385 950 4615 995 2564 3224 667 2191
148 4933 1918 3549 1041 3366 3821 2687 3085 4879 379 868 2036 1891 3718 4000 595 3045 1054 2155
4817 2529 1041 154 3633 3633 2294 3727 2172 2779 849 4583 4827 2634 31 2422 1863 3830 2191 3751
782 2030 2911 863 571 116 3743 4691 3901 2579 3491 1934 3971 3822 3685 3059 1891 2780 4727 2049
505 4004 3038 3332 2450 1980 1354 2782 1833 3899 4214 723 2074 2074 1046 23 4548 4205 3357 2989
862 2294 2026 4304 2321 4594 4716 1215 4125 381 4286 1203 4797 2498 4140 4891 2528 2191 4551 1525
112 1646 2849 1587 2736 2318 781 2323 443 4092 2020 4852 3557 1488 4827 4698 2139 2191 3651 1579
1880 1328 208 1349 2044 2308 4367 2341 1033 2698 3670 864 1627 587 1041 2820 2439 1067 4263 799
1844 3944 4736 4097 4984 3683 909 128 704 1469 2857 4555 1614 1450 4926 2311 1577 3498 437 4694
272 3241 1571 1252 3760 2699 1098 3906 1571 4337 2191 2963 4987 737 2511 1970 1524 3420 2865 3758
1089 3675 3704 296 3938 3908 475 639 3153 3248 1264 2327 2450 3852 1592 145 4725 539 2374 2070
4259 1041 3053 2528 3019 2191 0 2376 4276 4817 2611 933 3872 3262 751 2470 2789 182 2191 425
1914 4900 3958 25 2450 3678 1956 3053 3053 4978 4127 1749 2408 4633 3851 439 2621 1845 595 2810
2415 602 4664 2132 1667 4694 1150 90 3705 2528 2450 1346 4379 4469 22 1692 3562 2178 981 1005
2760 978 1320 1334 2992 2257 415 1417 4209 4855 3215 4342 1203 2678 4619 3981 374 4086 2246 1319
2880 3774 4337 360 1957 397 895 1667 3744 2771 1837 4095 3234 3803 4287 1128 4012 2973 2890 3944
3130 2756 4077 59 4010 1136 437 809 497 4880 1622 1666 4829 1557 4737 1336 3471 2435 1572 422
602 1346 1041 1041 3053 1858 2554 4287 2391 1530 4012 445 4086 3633 1625 602 2194 2922 271 3559
2505 4097 3751 3409 300 272 761 2600 664 3492 2922 963 2428 1695 4205 4010 1346 828 1582 2083
