1308 41 4307 1837 2528 4241 1276 799 203 1996 4855 1929 4278 4284 4473 2632 527 2779 3408 435
3212 3236 4381 603 4411 2780 1012 453 2661 4860 3357 2364 3133 862 4879 3552 1098 4913 4871 1482
3363 3019 1243 1232 2528 2972 821 1929 391 1837 897 2088 2191 1889 4012 2927 105 2408 2132 315
3246 1182 1844 595 1099 1918 2191 2050 2450 4772 2294 2261 2126 482 3756 1301 3389 107 4670 3021
3363 2921 535 602 4411 1476 2246 3586 3513 3241 1957 4891 4694 3944 22 688 1140 1262 1830 4931
782 1432 4739 2317 374 4626 864 4319 1154 2815 3471 2033 1643 2528 732 4582 3639 1717 1627 2222
4259 4240 4908 2726 1256 2528 1083 2388 4044 965 3682 1127 2271 1609 3997 4415 2854 2788 3186 3094
562 1328 431 2654 3586 2946 3678 3839 2951 3019 2993 570 1521 2463 1589 4023 3597 3934 1045 3420
1150 1453 2092 3557 2191 4816 2083 117 1294 2481 3146 2031 4446 885 1376 3534 2399 491 3408 24
3346 2238 971 209 245 1982 4149 2294 2611 2118 1561 1782 3692 2446 2446 1154 4902 1559 737 3053
385 2977 1373 2723 4276 2768 1390 2600 4263 1935 2526 1780 4342 637 3408 1813 2063 3607 1861 2294
2378 4877 2640 2090 2276 1533 1041 693 3053 2030 4252 758 1012 821 3311 3332 1268 1603 4697 1230
1643 3912 1731 4855 3448 4670 3407 2838 2394 1338 1041 2164 1894 2520 2194 2027 708 2049 885 4633
112 2747 3580 1460 2102 365 704 3703 174 2315 3790 1194 796 743 2435 1395 4685 4713 1101 1454
3908 1864 4005 2528 1653 3513 2129 120 1881 486 3236 1223 75 2774 4709 3595 4896 969 260 1028
969 4287 3619 4751 1837 1661 1568 1677 4601 3678 1041 4209 3084 1592 3311 4381 1667 4565 2450 3806
2191 4978 3058 28 2528 2191 4017 3326 1494 799 2268 1837 2915 4337 4662 862 1264 3252 850 2126
1066 3913 3670 1848 1693 376 1328 1192 2293 1565 3582 3357 4880 1660 3357 1349 2992 1088 2298 2788
4865 526 842 1478 2814 2131 1955 2752 3435 670 3236 218 2747 4619 3498 606 3465 473 984 3053
1653 4093 215 2960 119 582 2547 41 1465 2611 2087 732 204 1423 2378 4880 3376 489 2993 441
2309 4798 4511 3830 3977 2408 4344 165 809 4338 3134 1618 2874 4662 2191 3346 841 2565 1098 2611
1317 2246 3505 181 4333 3891 1632 1335 4940 3053 2838 479 2132 1734 376 4587 4415 2922 1862 105
3368 963 3265 1170 1000 2611 1627 3306 2561 645 3128 1880 4149 437 4941 4840 1648 2033 2191 3996
3946 2886 1475 439 112 767 285 3045 2083 2543 896 3268 2294 2131 2779 4779 2757 3904 3057 102
2139 1844 100 1075 4978 4596 3894 4342 4973 1325 125 2527 3772 4490 535 65 364 1363 3164 1586
3603 2828 1047 3670 1621 4303 429 3241 2500 3891 2221 69 527 474 3852 4817 4817 1189 1529 4874
3530 2030 862 2155 4481 4639 1328 2343 2343 3224 3906 2817 2984 2191 2146 439 4426 1174 704 1947
4080 1453 323 1041 2755 3627 4378 1172 4311 4040 2932 1726 3958 2434 4431 879 1142 1460 4465 906
2036 4791 4827 2572 1041 1813 3494 1579 1352 4287 340 1147 1061 1757 3607 1441 3081 1753 2921 3760
130 4879 4287 737 4571 526 1740 3820 1487 1622 3965 1969 4350 4540 4276 4845 1395 4891 4481 821
816 1448 3389 2889 2922 2042 831 3958 4565 2191 3332 3669 454 2408 2415 2689 3908 3610 4891 2042
4517 4791 3219 2640 1582 1041 1351 1861 1861 2922 2828 552 2788 4748 3651 3842 3872 165 3908 437
602 431 751 4631 2749 3219 4012 321 3292 3908 597 3707 260 1508 30 1886 3494 1047 1729 2377
4086 749 4798 534 3617 437 2678 3181 2459 7 864 454 1401 1106 4629 4149 164 987 2481 3045
496 889 248 4071 437 2320 2963 2415 4437 3582 1429 2566 4394 885 2719 2499 2191 2432 3632 4827
4682 2611 2887 2498 4504 1695 1667 3557 644 3146 354 3306 3582 4738 3045 3408 3248 81 4757 3262
4565 3332 3243 1670 4846 675 3236 4672 4984 215 1996 1136 173 1203 3980 3453 2609 1247 1820 732
3674 1515 1334 889 4098 490 3482 3586 3081 2027 349 794 3114 1100 474 2447 2354 2640 1150 3022
3363 486 1112 4337 2298 4837 3260 2135 242 3000 3241 1679 2528 3958 3434 1346 3302 1413 248 3189
3603 7 3590 1622 708 3991 3946 2191 2050 1132 3751 343 4817 1328 4711 2358 1496 2441 4295 552
1511 474 1951 2302 3272 868 4851 3790 2977 2030 4399 535 4012 1440 740 101 3586 862 4237 1627
2935 1315 1235 2392 692 4817 3811 834 599 1017 1604 3053 1421 3758 4890 1645 4993 4756 2088 2191
782 4398 4452 777 165 4929 1113 1286 4798 1862 2308 322 2611 2911 4525 1140 3306 4851 1121 1283
2565 3807 2481 4052 1592 3820 938 3953 4926 3982 4214 4136 1789 181 3121 2294 1791 3060 4042 2150
4263 4839 4352 4263 2927 1891 4101 1049 2671 3586 4522 3551 2827 2246 2844 13 715 3891 4448 2640
2191 3190 4698 732 1270 1844 2500 4490 2216 2951 1582 591 3946 1039 3967 2950 3570 3278 4393 1656
4071 4764 1069 4832 1055 4615 3758 1825 4273 2414 154 2611 4144 4626 642 2063 4601 3127 2611 4851
15 2611 3053 569 2450 3008 1142 715 3465 2074 1962 1980 352 3727 929 260 1582 450 705 1155
4628 2238 2935 1635 831 1116 3650 4987 4054 4670 2191 3332 3861 4086 889 811 4591 3683 3912 4251
3262 3045 535 3760 634 570 1653 1980 2593 2482 2191 538 3830 896 4516 948 98 2408 3126 885
602 2738 3997 4718 3332 749 4011 3891 4263 962 885 756 474 4076 3053 4596 3358 2729 3927 1324
4902 420 862 443 959 2057 4086 3530 704 4880 2036 436 1429 1656 352 3443 4523 3262 509 3045
3670 2396 3004 4734 3097 817 2978 895 4861 4830 3900 1319 4817 1328 3489 4387 4007 2446 4562 3858
886 3341 2564 1465 15 2611 4642 4906 1950 1969 4246 740 4953 4817 3306 41 2015 2408 1325 1508
2300 1627 1575 940 1806 2611 4471 1627 1954 4256 2097 3710 204 1667 748 4379 3619 1308 2528 1045
2191 15 544 3054 3996 821 1644 2368 862 1700 4827 1012 3355 3670 3045 1363 25 3813 3236 704
2571 3596 3276 1799 3448 831 2131 3847 1805 1707 619 3773 4668 1069 2468 2481 4894 1885 2452 1041
105 749 349 2474 4615 619 1194 360 4791 4012 1041 3041 3839 3570 3670 4487 3045 793 201 102
3451 2442 4706 2030 2007 885 1537 105 2903 3908 3982 4310 4850 1782 2552 3357 4312 1600 1072 569
1040 2727 1659 3602 486 1914 3301 821 831 1969 1294 2415 15 2420 1088 963 201 3477 661 1347
878 4565 602 2547 2790 3936 1622 3778 3534 3053 3236 4342 15 3852 2922 2499 1789 2844 2914 1426
2498 713 4891 2865 780 999 3197 593 4993 1975 3647 3130 431 1692 3557 1194 3572 1172 2789 4952
2134 4086 1136 2360 3259 3758 296 1375 4670 412 4850 489 4471 4597 4798 3187 3908 4382 1881 3678
272 2149 1840 817 1246 4604 863 9 2456 3586 181 270 474 704 1749 3076 174 715 1590 898
