3059 3946 2638 1969 3982 3082 3651 781 1512 3180 4528 4537 574 1098 2594 2285 181 2191 1214 998
3751 1685 4076 2155 1469 4504 3218 4948 2528 1328 1549 2424 3683 1397 2049 2600 3606 1012 4236 4434
3404 2036 3045 2853 885 4305 1680 618 1837 732 1164 3943 923 4267 4415 4906 1522 1041 4086 2211
1172 770 146 656 1088 1973 1918 215 813 4626 602 3494 704 174 4044 2131 2290 1217 588 4855
4206 2004 1136 1531 258 3556 15 3141 3448 4037 2294 3457 3223 3241 3340 4823 1619 3045 3623 3707
3162 2828 1376 291 1535 3852 3412 3189 1059 1316 4263 496 2564 2191 918 4239 938 466 1928 2415
4402 4544 3654 1667 2528 4957 3923 2926 174 2611 2828 1140 2496 1083 4880 831 2512 3492 3958 1633
4313 3019 2140 4879 4851 125 1903 2271 1767 4213 582 1744 1531 4120 1494 3684 698 3146 2854 3384
1572 4992 2113 87 1556 1530 452 4575 2338 4512 3749 3150 1296 1098 296 2268 4649 1619 4880 708
4206 4286 714 1740 4005 4855 466 161 203 742 4960 538 2611 4834 3153 1429 737 515 1508 2220
2059 1700 3943 1789 2642 1969 1363 1106 2528 3813 3376 952 2298 258 2455 3617 2131 3445 4352 363
862 2298 1740 570 3129 803 1465 3654 1375 4294 1232 3546 1337 15 1439 1794 1704 2822 4333 496
2779 947 3858 3673 474 2728 4844 3228 2111 879 4368 1947 437 3081 3557 4539 105 1096 3996 2779
4206 2036 1823 1161 1328 3435 889 166 1208 1962 1969 2905 4656 2450 747 2640 2250 720 77 4957
639 3110 535 1016 13 2748 4588 1012 273 2090 2631 4245 87 3957 4939 3240 1782 181 476 2500
4286 363 3089 3053 4541 4891 1346 4830 1067 2390 1200 3502 3603 2132 4398 3855 3448 4353 4786 2191
3944 3310 4670 4531 940 1071 3451 1577 3388 1726 1375 3341 3201 4915 2063 4270 2272 1069 2049 2838
2914 2070 4243 2821 1294 3719 3218 562 2090 4880 4894 4014 3494 3262 1373 4987 1891 3813 4873 1140
4817 1644 3401 4080 4463 2338 4827 4447 1041 486 2514 4205 3892 1182 821 3790 3308 2128 3222 1739
4575 1294 3727 4614 3772 1128 406 1704 4565 2164 46 1303 3167 375 255 3466 680 3223 744 2191
723 1571 2643 2769 2826 4317 1041 1530 4798 2344 1390 2640 4267 871 2302 4978 3851 784 204 364
4781 2031 2294 2505 4614 1627 2131 4071 2314 4939 1122 2528 2036 1476 2087 595 2264 4228 4978 3117
1030 3678 864 2142 522 4994 3014 174 3741 130 2626 2088 4270 1088 3988 2061 2393 2393 1840 1572
4906 3236 3830 1723 433 4908 1991 4707 2393 2663 1786 4101 1046 1797 3979 1547 4827 1321 941 4757
2376 3737 4855 435 1693 2980 4317 2615 3719 4166 218 4021 4369 4572 667 4415 965 1121 2081 1830
2828 2155 4279 3355 2408 175 3670 2905 4270 4396 2828 4240 1344 2191 2856 4531 704 4668 2355 1582
4357 90 895 3719 4523 1352 4487 4817 4127 2199 1839 1432 2414 3332 2298 341 2074 1112 3993 1311
3465 1862 2499 2588 2526 3729 4460 2387 3451 4565 1664 2837 2611 2153 4239 2133 464 4174 2727 981
4639 1479 2930 41 4615 4523 3553 3556 2699 2393 4086 1233 3250 4504 4495 1622 3682 824 1530 4535
2679 4495 2371 4086 4668 1778 3357 3566 4501 3241 1557 1311 0 1153 751 3695 2176 3674 2471 4939
3162 1944 1328 1159 439 2774 2131 809 2498 3073 4565 2313 1511 4209 1373 1080 191 174 4923 3525
204 1346 1537 2149 87 745 2150 4941 3908 198 4891 2111 4779 3617 597 1654 3042 1376 2827 1426
1040 2528 3920 1999 4834 1726 1750 2843 1386 3739 2211 2302 2575 1891 1880 151 2102 4796 1582 1184
441 4574 1794 2782 2927 4444 4411 599 4480 3223 2335 3659 1667 4209 3509 341 2993 4012 2782 3790
3908 4286 243 203 14 4209 2634 1027 4829 3482 2856 4399 3134 2977 895 1606 611 2089 443 3494
2435 2623 3633 1967 2450 119 485 3266 2024 1203 636 1027 977 2564 1918 564 1619 602 1351 3484
3340 4316 4741 2166 1000 4914 2133 1203 3586 990 2496 1321 1268 2676 1346 2774 166 1469 964 3586
435 3723 4649 1983 466 4483 2889 3226 1206 4135 1347 136 3253 2529 1176 2094 2498 2993 508 3184
1844 789 2734 2191 2643 2031 2131 3751 2516 897 2191 357 3218 4751 4098 4089 4565 1320 2917 1140
3363 837 3102 4382 4904 1663 3545 3506 1136 4044 2146 4574 4791 3556 2012 2294 1861 1689 3431 2596
312 4541 28 1537 1172 486 3563 2415 2304 2125 2408 4374 1183 3586 4678 2082 1075 4989 2433 2096
248 2534 3600 489 2528 1600 1088 174 2415 121 4446 3125 181 1182 4907 1069 3014 3677 3820 1662
3404 4851 3557 4472 3183 474 2528 1842 1153 1886 3583 4667 911 4838 1692 2573 4999 3962 3223 235
139 889 1072 1568 3535 223 1333 2727 3790 3223 1085 2553 3045 681 3994 2353 968 4952 4690 4415
3761 2874 3175 597 3982 3033 4748 2191 1261 1083 1357 3965 378 4796 347 1335 3611 2049 2860 3719
2242 4270 1415 3140 404 2756 3670 1857 4670 2298 195 1608 988 4851 2773 3242 963 1531 3586 2294
1083 1889 4891 1709 3388 1835 3404 2611 3253 3340 1818 3600 642 1511 770 1045 4469 2474 182 1508
3218 3774 3073 3557 2752 2061 293 2922 4489 4263 1244 1739 3453 3552 419 3619 2028 1648 2611 3790
3172 3009 2410 602 2836 1332 3150 4613 2238 2074 248 3765 2266 1088 1653 323 1172 3717 849 3751
1176 2378 2860 4957 1734 2791 4596 853 2288 4914 3206 273 3137 4769 598 1142 3749 1641 1740 2786
3498 3453 4757 2215 3670 4926 2131 3329 1264 1125 618 1848 744 2450 1346 151 3775 2496 3045 671
4010 3647 745 3143 3020 1780 363 1604 1600 3831 3053 4966 1673 1704 2553 4631 2027 2459 379 675
2210 1153 791 3439 260 3883 4307 1112 4035 4270 2528 1166 2621 4542 987 3143 835 1041 41 1194
1067 1977 732 2632 1770 3991 3376 1088 3670 1957 1874 2399 945 1023 4218 3748 1328 871 1080 1358
3746 2293 4923 1653 128 4317 4598 227 2030 4926 4352 1837 1653 4819 2898 1936 4263 1511 4717 2570
3019 564 981 1913 265 1395 4649 593 4338 1027 1486 3068 3231 438 879 2304 4926 2853 1301 3432
272 3553 4492 1837 2246 4263 3905 2921 4532 134 1614 2244 2261 4141 2564 28 3586 2294 422 2018
1315 2498 2111 2528 3678 4957 1819 1793 2611 4323 605 2922 885 4064 4012 4880 4512 3651 1139 2074
130 545 3547 4512 1511 4393 1913 3670 2890 1153 1307 4976 2294 2042 773 575 3053 1413 4000 4123
2760 2699 1525 4890 571 1041 2854 1764 2032 4543 2613 996 3429 3451 437 1125 4280 56 1681 61
3847 2465 1347 1419 1582 4289 3787 1885 1136 3495 2884 1253 1679 1947 75 4200 1039 4990 2779 275
1150 4957 2131 975 3672 2678 1833 3332 831 3563 1808 4802 2450 45 315 99 2019 1653 4417 3574
3161 3045 4861 3273 3004 486 1030 2269 4987 1794 3763 2554 1390 3857 1286 887 940 463 508 724
411 3181 1041 3447 2137 1814 4597 1328 1709 453 930 2027 2554 3670 3533 4702 1977 387 132 4329
