385 165 1627 4218 1088 3053 4827 4342 13 2176 3181 227 4239 3222 112 4757 1458 437 2275 1683
1980 1532 734 2376 3535 3383 2922 2828 4974 237 2408 3053 467 902 4601 296 4800 1672 2962 3130
2478 908 3339 2500 2074 1667 1855 590 1622 4087 4796 41 4504 3852 136 685 4080 4352 562 1568
1643 214 4817 4987 3301 272 323 226 3606 2482 1112 2727 3860 218 4565 2786 4372 3384 3067 2807
251 704 1993 1150 1726 4248 2922 2139 4597 1837 4342 2139 2191 1286 1689 3600 1283 4011 4523 4765
4338 2130 1665 1709 1627 2297 1864 562 1770 4438 2611 4941 4855 4263 13 2027 2543 4382 3408 3861
300 1330 2001 1939 4784 1617 2977 474 4891 2993 2827 2410 2178 2408 970 296 3607 1129 4086 172
4623 1139 3586 2031 2993 4144 2111 526 2092 3496 1116 4763 280 3939 1328 1653 4957 336 2854 2822
71 33 4924 526 3710 667 4662 438 817 2178 3494 4537 3793 3354 4438 1891 3670 2191 790 2178
2950 3547 572 3565 1150 1627 1643 1151 661 2443 4098 41 1726 1349 2233 2952 3669 1726 3494 4629
4071 886 1731 2167 3830 1590 1234 2547 4956 4276 1891 4840 3851 296 2625 3241 214 1128 2963 3496
249 1539 1066 2643 543 3948 562 4263 4033 938 35 102 2074 1141 3600 2249 4014 3388 4876 4914
3212 3758 4094 766 1465 4086 3944 4963 1627 3467 3053 2854 4666 3045 1891 1522 1088 2285 3651 4819
602 3939 1453 3401 2016 3053 747 3145 113 2788 1067 2238 979 941 3790 1885 3146 4941 780 1920
3357 3769 181 2220 2191 938 1851 3695 3105 4214 3975 1041 4134 3141 1954 2642 1643 4532 489 558
602 1346 258 4459 2787 1076 868 508 1328 4342 1653 3611 3081 204 4892 4415 2922 4855 505 522
1544 4986 248 341 452 4992 552 1643 1346 3796 3001 3207 2470 1208 2061 1667 3231 3147 2243 3207
3222 3647 4506 4855 3252 4098 2922 288 3045 333 2089 1455 4210 4071 2838 965 2781 2052 4966 3014
201 2238 4848 4318 749 1568 3065 4267 1508 165 4287 938 3301 3583 3939 4855 4314 2148 3053 558
1993 508 3061 3570 2779 1750 4990 530 1709 1178 1173 3609 3022 1458 1272 4709 4861 3045 3739 3032
2455 1579 4672 4259 4725 4196 4704 4757 1088 1837 4756 4032 3408 4042 271 1891 4827 2642 4461 708
4005 4441 4033 273 1199 3310 4006 205 2602 1141 1531 3651 638 4756 474 3670 2837 4604 4289 3938
4393 4259 3670 2701 1088 4957 645 2268 489 486 1107 1692 2139 4086 1243 4565 468 3181 3039 1203
2579 2030 1191 4141 486 205 1726 3813 2504 3256 4899 669 2074 4205 486 2408 535 2220 617 3502
4080 4259 2191 486 1635 4205 4269 2727 2611 4315 2401 1813 1028 2301 2807 2632 3790 2951 3557 3372
3586 704 1631 2631 2408 2530 4672 90 702 4528 1999 3448 4487 877 315 232 2470 807 2611 3796
3619 4104 4641 4427 2609 4522 4313 2611 1632 766 3939 4891 978 2139 385 4978 2244 3813 1726 534
167 2874 1041 1178 1083 2325 713 4209 2474 128 3739 4686 4616 431 3053 1199 2408 4727 551 4130
1083 4685 2334 3549 2191 2611 2118 3321 572 4471 1632 1041 2922 4565 1507 2657 2167 1565 4461 2478
2919 602 1346 2874 1210 4131 4385 2180 605 4565 602 4680 3910 2191 2178 3982 258 4415 4313 4287
2579 1864 3603 1992 3647 602 2890 1150 2132 751 2039 4338 1087 3547 3739 2191 1975 2139 774 3670
3908 4449 3242 1844 3776 1110 1203 4623 4619 3364 1830 896 432 1537 2414 1840 3709 4447 1998 2450
3908 3311 3557 1622 3019 2528 1075 2856 3906 2191 4850 821 1276 3695 3038 28 1763 3241 3019 2615
4263 3717 1268 2509 2429 3415 1155 3582 2450 1132 3900 3714 821 4267 2472 1681 988 3457 1386 4086
602 1346 1837 1232 303 4736 1301 2281 1310 4668 1508 4338 3751 3670 1740 817 441 3602 2693 1308
1140 704 3610 3557 4353 112 3748 1582 2849 3906 1878 3289 4523 4698 3939 3767 1643 3448 1052 581
3835 831 2903 1076 771 3790 2298 4965 2942 2854 4207 3020 3882 2491 4516 4378 3125 466 2191 4781
3530 4378 4130 3189 497 41 3906 2340 2446 112 3845 432 1726 2614 486 2408 3586 41 273 4607
3946 3748 171 2788 2509 2874 4252 2802 3559 1689 4435 2905 2220 3045 1689 2176 1324 2217 4511 4784
1643 214 2905 1005 1797 2320 2836 1550 2474 3022 3525 3761 437 532 4598 3855 280 184 99 3948
1672 1811 1426 3707 1430 3993 2446 864 2050 799 4338 1626 3492 4653 1061 2200 4610 3939 4344 4613
4487 301 516 2345 1069 3143 1219 2455 3550 1980 667 3072 942 2177 3651 4546 807 885 1147 3279
4817 4670 2414 4342 1132 3019 2489 2084 1599 1767 4696 4252 1129 4817 3605 824 3670 831 695 2074
3357 2408 3691 941 3222 4115 1675 4963 2854 2298 3586 2779 2408 2611 3990 1352 3582 3181 4771 273
3162 2302 2993 4446 3190 3554 2139 3759 749 1465 4580 3134 2604 2770 3991 2155 248 732 2222 357
1030 1789 800 3387 3989 4960 4127 2126 4097 1679 4935 3965 1136 2238 2368 333 3894 3058 3053 4848
2890 4397 1116 562 2922 2963 437 908 2611 2180 3810 1418 1487 1622 2805 4328 4107 2482 2474 1429
3669 4668 2195 4751 41 322 1126 794 3670 4226 2993 2719 2030 1789 2394 248 441 4817 1041 1432
4260 1458 2172 4851 1449 3081 770 339 3022 364 232 1157 3586 4375 4086 1328 4642 1268 1366 4012
3363 2344 1041 2292 2495 2776 643 1345 3584 4446 4304 1550 4086 2611 893 2528 3577 882 4672 831
2444 3543 4263 241 2029 1045 1914 1782 2027 1494 41 75 515 2721 3670 4353 3236 3996 3876 868
340 2505 41 885 2669 3813 3408 2818 922 3525 3674 1910 4296 4923 862 1703 3146 3465 1455 4512
3908 811 2249 2320 2415 2191 1418 2770 2499 4976 2552 2393 2826 1259 3791 2290 3619 4830 1205 1819
4093 3674 3148 2110 3747 4326 3465 4859 1090 482 4535 1864 4086 2849 1848 4891 3711 3908 4670 1582
602 1709 4725 1847 3790 2900 4562 490 2191 2276 141 3273 1203 3372 2988 209 1970 4487 2901 3465
3212 673 530 1667 4086 981 4656 41 4926 4670 593 3790 3223 3610 1378 3219 2775 2673 2139 3268
770 252 3674 174 2349 2092 1328 1653 2280 1363 1962 2408 1192 4289 602 2176 1679 3553 3948 4415
4435 4366 466 3045 3181 1039 644 3288 2615 2950 4127 3866 4285 3803 2191 1975 4086 169 3172 3765
1844 1704 3996 1659 1610 1027 2679 1150 4515 2082 3651 2600 2806 4998 4879 4640 4267 4263 439 1980
3378 1308 2528 3946 2238 2061 610 1632 2611 4538 4144 3105 28 3494 1627 4522 364 4276 4307 350
3847 2844 4891 486 1592 125 4670 620 2414 3401 2193 1572 821 2349 4569 2140 1592 3053 3790 2221
2164 262 2220 27 2238 1190 1653 1622 3372 2782 4392 2393 4210 31 3790 2092 2137 3906 4089 2191
4071 1311 854 3790 2453 2292 1692 2748 618 2331 1980 2050 4855 2507 3408 293 1667 3053 1818 3372
1469 2977 3707 2176 959 1689 2481 1005 3022 364 595 4859 3301 4697 3813 2148 62 4714 303 714
