3539 2498 2031 2030 2131 3852 4486 171 1214 4086 1457 3408 1878 535 1622 3749 2528 3482 3758 265
1627 3813 2376 62 3241 3674 3758 3158 3053 4784 3053 1913 1667 3535 4315 963 3675 4872 4664 4319
3404 4672 2450 3787 3143 3350 1041 1041 4378 2300 877 3187 4594 4526 1147 4855 2854 4314 2963 2627
262 1294 3204 2084 2786 4438 3906 27 675 3906 3564 1622 2611 2053 3189 3546 3790 4920 2774 122
2164 1011 4546 4892 1296 1346 4111 782 1530 4080 2220 3133 415 4596 3053 1088 530 4408 4199 4913
4484 3482 723 1565 4080 4562 2499 2005 2727 1936 443 4941 2100 1627 3701 4078 30 4086 4185 3563
4908 4263 3449 432 3321 1132 2708 3448 209 3306 2450 4873 4830 4772 981 4532 4465 435 226 1128
2309 478 2476 1630 1366 732 1789 1658 618 123 170 1314 257 4699 4218 3053 3387 4080 4668 572
2498 1592 4312 820 2268 405 3649 2549 1130 2788 3228 1674 3611 2 3038 3241 862 4350 3908 4196
4206 1868 4978 4313 2295 745 2477 1070 4243 2786 1925 4122 4623 3465 2084 4205 3852 34 3408 1604
1083 1889 1294 3494 4263 1864 1394 3091 4255 1583 4877 4558 3053 2042 2164 2692 4994 4481 1128 2884
2899 1180 91 2288 2854 2788 1093 645 91 112 817 2860 4209 3045 4878 281 984 3334 2993 3670
895 2410 4607 30 4734 4563 15 1484 109 3134 2597 1189 474 2498 1405 388 2358 533 2050 3701
4263 2812 1243 602 977 988 4989 1268 1572 437 2474 1833 2090 179 661 3481 4125 4378 4891 324
602 723 2074 773 3607 3348 1012 4989 1494 2674 1653 1967 3109 2114 4084 2344 1347 2863 2611 4830
1150 439 4041 4446 1142 4966 2102 1653 2368 4197 4575 4668 3540 223 1397 2488 200 2368 1862 4095
3813 3601 4676 2382 1921 1692 4037 3737 706 4515 652 1176 1076 4655 924 793 2191 811 3097 2191
3212 1098 3840 2935 3847 3738 3045 2884 862 2242 3130 1277 3241 2061 2139 3098 4239 2415 3756 1346
1172 1788 2189 4813 1522 1088 2191 41 2611 3421 1571 4464 831 981 4115 2061 562 1643 3380 2030
2178 4360 4994 631 4446 1099 3223 1338 4283 3072 3775 2272 4071 1469 4149 669 4501 275 3241 261
435 744 1653 1418 2779 2268 3022 3760 1494 3183 782 3492 3572 3297 1088 273 645 3547 2074 2074
3908 2528 4596 2243 1357 3882 3813 75 3970 1941 1076 2406 1622 1609 2528 4446 1088 4674 4668 4860
1561 2308 2568 3918 2074 3306 1826 3756 1632 4543 1552 2853 3767 2298 2895 1417 2415 3784 2391 2991
4252 2651 3073 3332 3703 3796 443 303 4149 3004 811 1667 4565 2191 1203 3996 620 3022 4727 3314
3130 4287 2220 4046 4276 2131 15 2824 4311 1622 2993 3154 1088 2308 301 3607 2393 1131 799 3214
2779 4252 1862 3022 2854 3670 3989 2415 645 704 978 2302 4044 4480 4994 3357 2727 2611 1029 3813
1579 3552 3610 3701 1226 1133 3374 441 3725 2191 2827 3647 2963 1395 4224 4027 4880 4511 466 2911
4086 1308 123 443 4086 1862 123 123 2133 4876 4084 4447 1481 1142 336 4263 1864 3186 1929 562
376 1397 2608 248 3186 1413 2828 868 4312 2778 4037 1428 2854 1667 3408 2172 3133 1194 4342 1088
4080 4477 4817 1089 981 1394 3448 1346 2166 3610 4994 1417 3586 4247 1802 1885 2936 1321 2822 1346
1354 2889 1045 3586 4255 1837 704 1749 2139 1573 125 1568 3791 106 2935 2072 2176 4504 2320 4352
2137 508 112 2215 2191 889 1099 4083 831 3820 1441 2191 2178 1638 1308 2129 2118 98 2890 3811
782 4899 2439 2508 3877 1913 3053 1627 4735 1592 4214 3670 4415 4725 2388 1147 1747 1328 3239 4415
117 977 1455 767 1192 1125 3846 341 2447 3207 602 4501 3005 4692 4352 4086 425 4714 543 3608
2579 2542 3765 1511 4338 3670 810 4861 3118 13 4993 3222 693 3501 2450 930 4496 3045 4372 2818
782 1560 3223 4763 4551 22 2415 822 4185 4583 4132 3211 2545 2699 3840 602 1346 850 1342 3790
4445 4714 4007 1889 1582 2391 3670 2220 4664 3366 4523 3040 443 2481 3273 4851 293 1022 2159 3473
3554 1739 2030 3954 1704 2469 1324 1692 3053 3853 4342 4131 3534 693 4510 942 1913 4095 2611 4805
1709 4962 868 4263 379 3022 527 959 3383 4042 2038 4504 4313 2250 1264 742 3989 165 3772 3081
1172 4935 1720 1608 1560 4855 232 2053 3830 1811 2191 4446 30 2646 4357 3023 2179 1142 3466 4382
2566 4305 1693 941 1235 3760 2310 4548 4597 3241 704 2191 4610 1040 4725 2178 2102 4199 3553 645
4206 4446 1041 2983 3594 2528 2238 3053 4270 1726 42 4879 1559 296 4446 4342 2860 3053 182 1818
4080 2903 2399 863 2178 4270 2369 4056 3906 3847 3748 599 1599 3496 4725 3947 3053 2529 4876 535
3992 2935 1537 2499 77 4659 2030 1203 1689 4071 2030 1306 4727 2211 3721 732 4568 2723 3162 1622
4206 2030 4507 897 1175 1804 608 864 1106 4504 4493 4817 940 831 3929 4662 4446 3549 4650 3960
2385 3505 48 2393 3908 2166 4967 1824 128 3923 2993 509 69 2664 1041 2122 365 1413 1962 4469
4263 550 2191 2294 4800 3329 1674 1321 1155 2324 2393 2341 704 2773 2922 4342 4471 4686 1741 3670
4517 4868 4670 4471 1502 3496 376 1000 3678 2040 1741 4086 2131 4773 275 814 1310 4903 3678 2921
811 2611 2946 3045 3022 1205 2611 4040 1847 761 4810 4891 1627 2860 1531 2972 473 2889 1101 977
1793 4415 3128 3582 2450 1531 1316 1358 4909 572 2827 535 2079 3551 3053 1587 2048 2685 505 3502
3019 4504 3409 751 2311 4641 405 3015 2264 2849 4820 3041 3678 1582 945 3389 4012 3252 3607 2450
201 1067 4254 13 4140 4337 3059 1253 4313 1366 1174 4010 4958 2478 3378 1818 1748 3586 1689 644
4206 1593 123 3502 4262 698 4319 693 2203 1622 2614 708 4125 4860 1142 3996 2191 2567 4859 2505
272 174 2640 3846 4364 3053 2854 1622 3335 668 2446 2824 687 3186 2238 2528 4965 1748 325 3748
105 4476 280 4542 2691 747 4546 22 2027 486 1567 3277 1088 1139 1385 4212 3146 1199 1837 1253
3200 2178 3045 2446 1689 4031 2139 1789 2780 1395 987 737 1057 4737 1126 955 4978 1155 2446 4086
941 4515 1125 3586 986 1828 3886 4862 2388 1864 2499 2639 821 2860 2030 4575 3317 809 537 2698
4651 1112 245 2309 4010 863 3669 3242 3863 3053 1969 2611 2611 693 4817 704 1203 3134 4285 1582
4737 3084 1321 4071 1970 3674 4501 2520 1530 155 4218 3873 3852 544 1129 2408 1318 436 2516 2963
1153 2633 2661 1496 4839 3378 1549 4071 4941 2139 4352 4855 4802 3126 3996 1031 2854 3541 3557 2521
2195 4830 41 1728 2280 953 2473 4471 3186 4461 821 375 1128 4848 3968 4032 185 602 1047 1337
441 3878 681 3809 4565 4586 3845 1655 341 2271 2553 4880 4291 2942 562 704 1818 436 1429 2611
3513 3017 1199 2753 3779 4664 181 4378 1791 3124 2191 1347 1622 349 4005 572 2993 3699 4446 1253
3847 227 1382 112 2727 2467 2221 1308 4810 3613 2315 439 2030 2887 1045 2259 3813 188 441 816
