1996 4672 811 2394 102 1918 2131 2661 243 4698 4291 4295 2836 2216 1340 1692 1664 1133 4375 2298
3420 813 4855 3019 3483 981 1818 4616 313 704 2131 3825 3105 501 4576 3222 1321 2191 3669 4094
3233 704 2611 673 443 2305 4698 2191 4551 2221 4747 2063 2074 669 28 3223 2393 1067 1426 2036
1653 1109 3841 602 4415 2102 3001 474 4305 2368 4338 486 1689 4086 749 134 527 2918 2613 196
1913 828 1142 1632 1027 437 1830 3934 562 1116 103 2687 3751 535 1980 4877 1987 1770 4802 2450
1235 2074 841 2727 3019 525 1041 1041 3428 1667 2036 153 4214 4328 185 1012 4149 4714 970 3408
1653 2489 2528 3125 2827 4759 205 2720 3236 1582 4668 2139 2113 4872 3672 4088 151 2141 1349 3790
2478 508 1689 1848 107 1767 3945 2788 15 874 851 1839 2876 4417 2116 1390 2521 1454 3586 381
4759 2133 2773 2854 4314 2082 813 2462 988 1885 4476 4850 3053 727 1364 3133 3242 2061 105 2131
175 3517 1328 3076 4144 315 1622 3053 227 4202 2890 1098 226 1098 1061 2513 1979 2965 498 1277
1075 781 908 2999 2191 530 335 2450 474 3134 473 963 120 1321 4144 1088 502 3586 558 1622
3212 4827 4512 2470 3465 4771 3703 3939 1139 4596 62 1349 1862 1107 22 1235 3965 1918 1142 2469
3847 3678 3230 4668 4333 1980 2075 1574 3028 2802 2030 602 3855 3494 1627 3606 2898 4660 3908 4415
1311 2119 4941 1724 2224 364 3718 3496 543 3146 1083 4492 2320 4740 1667 748 3651 2774 3734 4672
3212 2221 570 1679 4338 4287 3991 4449 3023 1667 3241 13 1142 2111 2136 2674 30 1083 4850 2061
4202 4415 1559 740 1088 4965 2294 2268 1711 2482 3469 1762 3053 2061 1616 732 4649 4014 3101 440
2640 1918 1126 1885 1140 3745 2855 1187 3752 4263 3126 1155 2921 376 2922 2828 3268 2139 4012 1627
27 4945 1925 2450 2391 4891 1844 4205 3457 3878 3102 3981 2191 4480 1045 4860 4672 4526 3546 2611
1537 1913 1071 2109 2271 868 2854 2611 895 3081 2581 4487 1039 82 2085 1791 971 3045 3809 1773
3908 1127 3865 595 2513 839 3777 4342 3549 1213 3384 1840 273 4737 2139 1098 58 4102 997 1532
1067 2086 2375 2611 365 2922 2828 309 4086 1689 1128 705 2360 4459 882 981 4941 3729 1741 2696
2300 2137 4598 328 4565 1582 2243 3852 1349 1128 2721 2889 527 4278 457 1315 2690 1721 3960 4987
1235 1413 2556 1088 1335 3410 329 3330 4149 2176 4515 1797 4445 3813 4205 4237 226 1839 2191 2302
556 1917 3944 2139 181 62 33 732 24 3096 4827 3840 4817 3840 2268 4482 4680 4817 2717 4670
2779 1736 1821 4289 2827 3222 776 4205 2300 2139 3312 1984 4033 3366 713 3944 4449 749 3023 1561
3557 145 1977 1041 2598 4086 1170 2727 2536 4080 4449 770 751 815 1086 1531 3366 1397 941 1821
1818 704 1469 1418 3327 328 3908 4827 4149 1533 2640 3053 2854 930 3553 2459 2611 2699 4941 1242
4681 3852 1142 2642 1047 3535 864 1813 1582 3241 2898 3908 3635 4963 3332 975 1559 1667 2057 3279
602 2141 742 1139 1301 1627 1059 2346 11 2639 2176 2139 1199 2268 4149 2191 1346 4149 195 3607
4993 3252 1477 2528 2782 2642 1622 3725 3654 862 1109 3806 1432 1131 4205 3852 1199 3958 3830 3332
4342 1029 2191 4179 1969 1494 3751 2450 1582 4080 3032 2574 3557 4565 2191 3332 502 1346 1439 28
3813 704 1011 4315 3053 1627 4305 4438 2131 4533 4205 474 4438 4956 4817 2611 1531 1627 885 1454
767 2735 2696 374 3991 2468 1321 1441 107 1837 3541 3654 2905 3751 4756 384 4576 4387 3589 3297
602 2719 4307 3906 4798 1949 4094 3760 4993 4379 3045 87 41 611 4497 364 174 1041 1993 837
2579 1373 2505 3401 917 1088 1709 15 3960 2399 896 3612 3420 1891 2385 3751 1532 3943 3525 3583
1891 2747 3014 879 4315 244 4052 3465 3057 2727 2611 704 3114 4223 4086 4140 4670 1689 2854 2860
3741 3053 587 2922 4891 2774 1625 28 4512 4372 4086 4185 4352 269 3390 766 3946 2699 2082 3081
4206 1099 173 4315 4289 3813 4086 202 2176 1126 723 2191 2463 3059 4052 1658 2593 3053 704 535
4252 1788 1342 552 2201 4908 3212 4718 2246 2828 4876 2399 3748 4827 1655 2611 75 4267 3045 2320
4908 766 704 4604 1885 3751 2611 767 3242 518 2516 675 938 2131 2527 2139 4817 2611 4317 1187
2195 2184 4263 4765 4994 751 2178 704 73 3053 2922 2811 466 4500 1413 4228 986 3784 4586 2191
77 4379 1837 3212 102 691 4879 1172 2579 2640 1041 4702 4243 4672 4032 691 1318 3760 3927 3208
3825 1178 1083 3791 1328 3790 3167 2432 687 3994 2786 3906 2049 2131 1524 831 255 4289 1508 4263
1808 667 155 3001 4315 4289 2084 1308 232 3852 3053 1366 2089 2897 2860 4263 1665 3212 3225 2149
3513 1150 1454 1079 4670 3756 2191 1416 4743 2611 4333 1178 2137 791 3465 508 204 4626 1782 4911
4435 2356 2408 4425 740 1356 3790 4417 4398 1113 2415 4913 208 4000 3813 4086 41 2788 4668 1002
2415 2461 562 2074 1947 2739 1604 4941 1692 546 4289 1627 4250 3586 2414 2505 3457 3751 2611 1913
1559 322 463 3465 1622 2113 102 1033 2061 4407 3949 2220 3586 285 223 1813 4587 123 3775 2031
3647 405 4994 490 2089 2719 4307 112 3332 4929 4378 462 2505 2865 2528 836 953 3136 4865 2661
3404 4523 4098 474 2450 2203 4352 4086 2564 543 806 2178 296 1537 3852 1203 4827 3170 2976 165
77 4263 4933 1136 3852 3525 737 895 219 2643 1667 4565 1910 1088 4086 1232 3085 998 123 4966
2191 770 3851 3991 3760 2570 4565 3401 871 2191 4865 4633 2276 520 4974 3053 641 2788 2176 4471
2856 4626 3756 2074 4851 572 2674 2131 283 2038 1767 1667 4891 4086 618 3960 3332 2191 4379 2414
782 588 1840 3853 2160 3958 4748 335 4352 2414 233 1709 2992 1885 1573 2111 1243 4364 2102 4289
562 2191 981 3311 705 4580 3578 4461 165 4012 1667 1107 2176 4978 3461 3939 2610 1465 3428 1667
1235 2814 474 3408 3279 4565 3582 3525 4086 4598 1194 2420 4027 747 1233 4010 3582 2878 2890 2049
4495 4342 1270 3958 2639 2408 3609 1328 4817 3126 3582 602 2368 4861 582 2298 1328 4123 2854 3445
2505 3557 4289 4707 4902 3852 715 3486 777 821 2446 4941 3586 2450 1128 1217 989 1012 3413 924
602 4415 4286 2528 3962 960 2368 2133 3572 2600 2860 2865 988 2542 2062 2962 978 4333 862 2074
602 446 4342 3496 3751 2292 735 1446 2446 4891 1040 2088 3831 1537 1066 1568 4305 1808 1426 1083
3946 4193 4387 852 2913 3421 793 1154 1604 4185 2079 4224 4415 4006 4032 13 1088 4641 4879 1762
117 4379 2191 2611 1530 4908 2408 610 3791 2822 1550 3161 1507 3851 1830 3811 831 1041 4289 4702
1235 3965 3236 1205 1346 2945 1239 2302 1473 2652 1458 3119 1308 294 1667 3586 94 4269 3126 1130
2089 2488 1837 4784 4086 4891 270 3293 364 4214 2139 112 1784 1582 3441 3852 4504 296 1491 1465
