4010 693 1956 2220 3515 3951 3066 254 2544 2061 4352 4389 4926 1767 2611 1787 817 850 3134 1187
1643 3114 2414 3505 780 4778 2131 632 4481 3958 1192 400 2946 156 4052 2074 645 2447 1342 4032
3420 4282 4039 564 1342 258 1046 4551 1451 4360 2788 1794 740 2191 4872 4135 1609 2135 319 4270
3913 3045 4153 2171 2921 2470 1881 2600 2854 1367 2893 4603 1126 669 704 3133 4442 166 4929 3617
4206 2439 2040 2614 602 2191 1572 4086 981 4512 3803 2863 1734 3174 3820 2779 437 1041 4415 2446
1041 2164 2075 3408 4929 4621 2611 1834 2499 1364 2217 252 2132 1667 4037 2272 2392 1674 4957 2863
1083 3870 602 1525 1749 760 2745 2408 4364 1041 1627 2707 4487 685 15 417 1199 2063 4033 87
2528 4877 3004 3187 4005 2061 3571 233 2408 4751 1837 2753 879 2615 1142 4056 572 1142 3159 4916
1492 2408 2759 4226 1820 1284 737 1891 558 3806 633 1424 443 3161 4829 4741 1825 4796 3465 2786
4205 1067 2843 3268 4702 2727 505 1476 3774 4957 4855 841 2521 1381 3639 4924 486 2302 2294 2600
3872 4317 3469 3273 862 77 3421 1565 1039 42 3332 112 3701 1088 2087 2998 4352 2462 732 244
4779 28 3820 4415 1627 4522 3236 1142 1418 667 1582 2172 141 2038 1874 4694 2397 439 3897 3706
3958 3330 1088 3939 1363 4523 3496 3710 2514 749 4312 3002 1094 3652 1033 2155 595 437 871 413
4206 4029 1731 4966 3053 3820 13 4672 2414 1055 2294 2131 1808 3751 2691 2679 1726 365 3960 4080
4206 4687 285 466 4718 4394 3842 2268 1977 2890 3651 2492 942 4850 2972 4891 799 3610 708 2140
3415 151 397 2097 862 2739 4252 4817 3830 1604 3986 3053 677 112 4480 85 1199 3222 105 1689
2884 1261 3670 241 3579 4114 2191 2611 2325 4987 1622 3420 4342 15 1627 1604 2759 2668 2611 1498
2111 4105 704 2100 1851 4333 4333 4634 223 3723 2611 569 899 1548 1692 2780 2956 525 4928 1812
1976 1403 2151 349 214 3651 4668 2860 4577 3236 2543 4629 4344 1116 1001 1345 3765 2505 3038 3861
3404 748 4502 1041 4565 2976 2860 767 159 154 1253 3223 2788 1005 1582 3236 242 1223 4581 2221
3218 4328 2807 2751 4472 2398 1494 2767 4642 543 1357 4331 3547 4024 2788 535 3019 2528 4482 3586
4205 1788 3272 1426 4378 1808 4010 4605 1659 2031 2072 3028 341 3502 102 2323 240 3022 4967 3460
4378 2938 474 1972 4305 667 4490 4248 4446 3478 258 4214 1731 1826 2092 1538 4993 3906 4342 397
2415 3032 1248 897 1109 3941 4987 3711 49 1323 303 3804 1603 132 1140 2780 4270 2031 821 4289
3437 1522 2102 1041 3162 2814 3109 1635 1440 4312 4125 2654 2191 1988 4214 379 3358 15 1953 3756
1643 4375 2890 1126 2074 2843 1454 3586 2505 1702 4010 41 4461 1726 2965 95 2044 1986 4891 1088
1925 148 1731 261 1525 3311 2349 2890 4753 2033 3959 2414 4446 4415 2935 1074 1913 2610 123 2923
1632 605 413 437 2611 1726 628 15 728 1837 191 2053 3861 2485 3989 4012 1440 2572 4092 3265
4626 2747 1139 3546 3241 1494 3663 835 2061 3401 4565 3977 1653 119 2074 223 3134 2426 2922 1421
3904 2214 1435 1098 777 1719 869 3652 1094 520 1883 995 3241 41 704 874 3600 2304 2033 4598
4206 821 3790 1194 2298 2486 360 2472 2946 1862 4149 2349 3574 3388 105 1208 1748 1080 174 2963
3872 3236 1140 3017 1217 431 4897 1535 2300 4213 4054 30 4289 4634 4276 2280 522 3758 3073 3906
562 704 2938 1324 2992 2935 4604 3892 4463 1244 3696 1206 2821 2351 2316 2164 3475 1908 2912 3273
400 4214 443 1993 1977 391 4993 2696 2030 4974 3840 181 2459 966 4086 3607 986 2045 2010 123
3933 828 4779 3347 4485 204 1556 3494 1604 125 245 1344 4672 2818 2992 1262 3408 2642 1559 3670
4311 3186 3958 2552 4931 2338 3413 1708 2308 2191 3570 4421 781 3505 4166 3149 3879 438 3019 1092
2354 1913 3183 3534 2191 3751 4046 431 4276 4289 4649 437 1951 155 4736 1098 2362 2391 4184 1041
4286 3465 1294 4276 4817 2294 490 3804 635 871 3557 693 2164 515 1076 2771 2667 4987 571 1627
4504 2826 730 1324 2030 3101 2721 2280 417 1893 1918 357 2007 2935 3332 2802 1352 3389 1083 2179
599 1125 2600 4352 2323 335 2109 2032 42 234 3674 3586 3758 3041 501 4757 1088 1241 4081 2774
1814 2586 3674 2922 4174 342 3944 1293 4325 831 3045 1229 62 4344 981 1622 3707 356 2399 1319
639 4501 4291 4539 3105 4913 3580 535 3241 2774 222 91 2395 4689 1627 4270 481 1663 2774 4810
1891 2708 4972 2113 3595 3372 1667 4896 2167 1041 3212 4333 3147 2406 91 4565 602 227 2860 1857
3760 1726 3547 4664 227 675 2471 1739 3492 2027 3751 1413 1571 1142 2678 2678 292 3927 3004 3958
3946 48 3239 4536 2727 1155 3811 4003 432 4484 2679 2611 1658 3858 2909 669 3175 182 3383 3494
4737 4996 3434 3031 3186 2132 2722 273 4565 3611 1982 1465 3623 879 437 977 2504 4709 3098 1692
3483 4781 960 1689 290 2817 2290 248 4794 4058 2600 172 2344 987 1537 3678 627 2696 4735 4042
1040 372 1824 1793 720 2415 2440 2945 2837 4089 4517 515 3758 1299 463 2286 2191 977 1425 4817
4286 15 776 125 1659 1248 174 248 237 2854 1565 3716 4587 1582 172 1021 3895 490 1104 4855
3230 860 2220 258 4411 486 3790 745 1112 439 1230 3546 1498 1659 1320 4974 3372 460 550 2191
117 1625 1041 1041 693 1582 1579 4947 3537 1668 3550 1075 2229 4794 2408 1318 3710 4353 800 933
1053 1808 136 704 4865 3069 2933 669 3651 2450 2440 1582 4587 1000 35 4753 3489 3557 3316 3317
3513 2399 1368 2408 1101 868 3574 2295 446 2528 2647 4128 2407 2159 3107 2036 766 3123 1041 3846
4206 1593 2393 1750 2178 3790 2595 2408 2616 4086 1132 1002 1813 3790 4690 854 4042 1234 1045 2553
4206 1892 3667 1199 2155 119 645 1667 1571 3557 3908 530 3019 2963 4480 1011 1993 1514 4496 1224
2300 1426 4962 1148 1655 4537 4762 138 1375 4813 498 2828 102 4523 2140 1094 3445 3589 4934 3760
1234 665 2036 4933 4603 2428 555 48 704 1531 2788 119 4966 1088 831 656 4840 1158 1838 1000
1954 3546 704 2586 2405 3669 782 1371 4164 2302 4446 1818 3899 7 391 2139 4585 1042 425 3045
3509 1486 1328 223 2074 3958 3790 2442 3404 4495 2315 1731 2414 2824 3241 248 3511 596 1074 1089
4433 3570 3607 1294 2408 3678 2030 522 2205 3936 1686 4711 2218 204 4401 4415 3960 1793 1128 608
4259 4305 985 4665 4415 4615 3767 202 2887 2827 480 3741 437 3589 1354 2191 2774 4565 2191 2849
4727 400 2581 1439 3891 1840 486 2399 3758 1627 1695 3242 3687 2132 1667 2993 4270 1395 1692 2592
3677 1568 4565 3670 2914 2922 1426 4256 4113 3053 3608 1022 1561 3774 4896 1142 3790 1627 3906 4860
3908 3647 1494 4376 4957 4941 1532 2919 3082 3340 3922 2375 2294 1041 3053 2611 1837 2528 317 1423
