1844 2828 102 3670 403 1579 1458 673 2232 4829 4668 2209 2827 4512 1325 3134 4495 3635 4868 1979
1792 1855 1609 1561 2061 4304 3851 978 2393 1317 2074 2215 2611 189 2764 4378 1194 2092 4798 166
3363 4289 3813 1731 2581 50 535 4415 1465 2799 2600 2074 3081 4500 4880 1199 3946 1088 2394 3556
1808 1592 3414 2399 667 1205 1634 4185 1656 3582 335 3401 546 3316 2914 1635 1116 2922 1639 1754
1511 4338 3670 439 1336 2191 3059 2130 3991 1346 1780 1749 2139 2191 3790 275 3965 3022 2893 1655
1709 748 1223 264 2159 4876 365 4860 2450 2309 2087 4546 4751 2992 4237 3366 3674 4278 2042 3751
1386 778 3491 1128 1140 501 435 452 4596 3465 24 341 4911 2505 2661 4378 4542 3958 4626 1837
3872 520 2779 2030 737 3908 4855 1346 3339 3218 764 1067 3911 3588 4276 1083 2428 4850 2993 486
2280 645 4093 3471 4610 4068 4623 862 2344 2611 1531 714 2203 4855 831 4086 3652 3765 2139 1075
1532 1126 3823 391 4131 2747 1813 4964 433 141 1413 4315 4859 2191 453 4568 4651 1891 2154 4565
4495 218 3603 3813 1709 2802 1088 3602 2126 611 2139 3436 3949 2042 2408 4056 1395 643 2408 535
3865 602 1252 4668 1142 50 1212 3383 2007 1741 2787 1532 4062 688 2414 1840 4144 4294 3045 4570
2579 2828 2198 2406 332 1138 4425 3977 2298 237 2627 1484 3617 2597 1324 4577 2408 1590 3557 1848
2111 4577 942 2890 3901 4415 3494 1531 4149 793 1142 1033 647 4827 4376 811 3384 4504 4086 889
3908 2489 508 2884 2191 2611 1187 4717 4698 2791 1088 2191 2357 1082 4877 3756 2191 4829 3401 2707
4093 1837 107 3751 761 2921 1947 2922 4978 1731 3236 2528 3765 4891 1016 202 862 15 1648 3223
2935 4967 1270 3611 4276 2280 4891 3927 1142 1878 2217 526 2613 3831 4478 4586 2061 2036 1667 4398
2962 1864 2498 3031 3892 2220 981 1689 2074 1749 2363 2191 2611 3861 1667 1861 2294 2131 957 1962
4759 4444 3678 4415 1217 3161 2280 704 4979 2316 4040 3571 4796 498 660 4978 2828 3908 4855 3525
245 1525 3023 1140 767 3366 3906 2191 751 2139 105 821 2501 3834 3105 4313 3465 1458 3134 4502
435 3139 1561 2824 2822 1608 2192 2166 3936 4798 1654 3601 1431 704 3598 1205 15 2440 3039 2302
474 3218 299 2885 2929 3494 552 2802 1083 1661 4845 3749 2922 4342 3408 4817 4123 3749 2238 4941
4086 667 4206 3712 3453 2528 3119 4468 1098 2922 2774 2118 2653 4276 1083 2275 1328 2805 1571 4974
952 4615 1726 1690 130 4596 2528 3908 2481 2922 1740 2642 4469 3852 4817 2699 3073 4602 2221 3475
831 2446 1465 193 1150 3073 4993 4000 2556 2876 123 4364 2827 1608 349 4891 1342 441 4746 4596
2036 1603 4483 2238 2027 1126 2558 3553 2074 452 1587 2229 1864 4212 3639 3610 2824 3980 3004 771
4339 3140 1034 4415 4504 3682 2139 2224 4672 429 4784 1338 713 165 4578 1655 1148 113 4771 1328
4532 3679 1248 933 1653 4342 4827 3414 2191 1987 1142 296 1088 3465 4493 4696 1622 709 2132 2802
1643 2789 2824 2782 2786 570 4286 4978 3767 737 4313 3128 2268 4987 659 1373 4885 4586 3991 1098
3603 3437 643 1235 811 3465 1395 922 3053 2849 938 3053 1223 2068 779 1346 3556 4076 2061 862
4533 1550 1235 2640 1033 4401 172 3908 3043 4372 3908 2191 4284 2191 3408 2141 1747 1011 1465 2907
1228 3908 251 107 341 1627 198 4546 3242 4080 2528 3482 378 1470 4993 1689 1862 296 4993 4933
4819 1537 497 2992 3675 2217 3436 2221 322 704 3611 2191 3988 1458 2179 2139 4144 1750 683 3126
3084 4740 2523 1653 4523 2351 1187 3923 3555 2562 949 3045 1689 4276 4012 4012 2415 3053 732 535
2077 2557 1571 2435 1328 4621 3432 2313 4718 667 474 1692 953 4827 4342 1318 1994 3014 2155 4865
1336 4891 3806 4670 4278 2945 1531 669 3580 1012 1343 4290 3187 3081 3306 740 2398 2272 3610 3835
3908 1929 3908 708 1418 2721 4205 3363 4487 3494 4496 2851 1947 2504 2552 1173 3727 4616 1142 3678
3378 940 2533 4891 1338 2642 2663 437 1962 98 4994 2554 3482 1532 25 2030 508 2259 4817 1328
1083 3509 3651 2221 2302 263 4056 1985 1342 1194 4430 4565 174 2895 2842 4149 4817 1364 3317 4860
486 2408 1088 4042 3081 1407 42 3421 1342 977 3586 2347 433 3053 3053 2482 4271 3053 165 4276
4672 4698 878 2867 48 4339 2764 2331 562 669 3420 4490 2922 30 422 3053 2246 4086 33 2761
3670 2857 323 1301 2611 2627 2415 1429 1667 953 1046 3546 2450 2674 4507 1538 1244 2505 141 782
3494 15 2805 1465 879 1653 3852 2294 203 4495 181 779 4919 4035 3804 3408 2290 3338 831 2408
486 2408 2699 275 2727 4796 1346 3845 3175 379 527 2854 2504 2611 166 2557 4263 4799 155 2201
2408 1891 3608 3146 3908 2408 2826 4259 3350 1465 4668 2176 4896 527 1966 4558 4168 1627 3787 3018
3908 4737 698 2042 2890 3908 2599 149 1679 2408 2696 3944 2474 2584 4276 3908 595 4086 4598 1142
4978 2042 3212 4259 704 1507 1125 3813 2111 4214 3907 1780 3252 4437 2191 2178 2090 4850 1806 3496
4093 3401 162 3670 3045 2191 4914 2141 3081 3134 4899 2152 4604 4086 889 356 2727 1346 2364 140
770 821 1920 248 1692 799 3494 4504 2280 558 1321 1346 2459 1579 2221 3573 1432 562 233 2905
667 2789 4378 1808 3437 501 2849 3737 1913 885 930 4725 1311 2074 3468 3496 4064 2890 748 4086
1655 2481 1793 3084 112 1417 2315 87 1239 2482 3682 2264 3939 820 947 3408 3758 3980 2609 3977
577 1194 3626 4670 4874 2191 4263 1643 4718 4698 4168 1262 4776 1321 3803 4967 3908 34 772 767
1164 2611 75 3654 4504 4757 4149 1689 2264 4080 1335 3301 388 862 605 4565 1088 4855 127 2730
1067 294 4588 2320 3958 3496 3586 1840 374 1181 2992 4567 4564 1786 4134 4076 1880 3014 4855 1294
4855 3311 4626 1124 3045 4504 4119 341 2593 4407 799 2131 2087 2922 3408 165 2191 726 1317 4957
1537 4342 1068 4748 549 2246 1574 2131 1653 4197 2115 3858 1443 315 1784 2998 1687 123 2280 1067
486 4459 1328 4642 2508 1403 2709 1757 3410 1426 4272 1740 3679 74 2298 3236 3992 2131 2848 1582
4259 1432 2077 1476 2408 867 1891 155 1717 4583 3383 4374 2611 4855 530 4072 3744 437 2178 3586
3404 963 4076 4709 1986 4827 3045 3494 4596 3991 2200 2499 2344 2610 473 1210 2008 2922 1223 1088
4144 670 1622 2998 4076 4086 3019 2914 4338 415 758 550 4678 1037 2084 2225 2767 2700 3525 4076
3212 1975 2399 123 864 4122 3236 123 2191 2280 2779 3258 4086 1936 1172 1813 4817 704 3556 34
1579 1537 2167 1046 1793 1136 535 4276 862 3241 4076 2450 2131 1264 1667 3653 1136 1281 3670 3586
2036 58 3586 237 3565 1766 1142 4691 4562 3906 3851 2139 811 1098 4014 3611 4085 2512 3727 1494
2048 1980 2911 4273 1088 4352 2517 508 2576 2285 4056 4711 3032 3714 2505 2308 1308 2030 2590 1112
