3363 2191 1067 2238 2836 1562 1677 443 4012 1980 4013 467 4252 2131 1346 218 3647 2827 527 3826
4409 4250 4908 3830 3295 2495 3683 2782 2786 2083 2611 4387 3583 1047 1653 874 2598 2298 1110 831
1321 3513 4851 837 2888 4269 1614 368 490 436 1632 3855 1315 1223 3876 2709 2389 1166 3670 1346
1532 4086 3840 4623 2408 2111 15 3603 99 1803 2845 2551 1980 2172 1697 2376 1041 1648 693 4263
4540 2993 4214 3670 4607 4478 4698 3139 3707 2111 2027 4347 2139 971 4311 166 877 4859 2191 1268
1844 2838 3326 3765 961 2344 2216 3045 214 2476 419 1667 605 2185 56 4313 1622 165 2300 1562
1692 1781 4365 1088 4952 3879 2964 3683 3672 2477 3563 2137 817 1002 4195 4293 2741 535 749 3387
3908 2408 2774 2179 1142 704 2100 379 4836 4876 1709 4319 2865 41 1529 2870 3670 1375 1643 1346
2300 3787 3212 4718 2294 102 3545 3081 1565 1913 4279 3653 2191 1068 4817 2727 1510 3158 3826 4078
2505 3457 3128 1349 2449 3566 3081 2393 4678 315 2423 1689 1337 2482 3081 88 2027 1524 2378 1440
3826 4185 1194 2220 3965 3635 2074 2305 437 1841 2594 2074 3892 2921 2414 3651 527 3028 241 3162
3986 732 3834 562 665 4855 491 1041 3053 4270 128 4737 2139 1192 3586 35 3471 704 3330 1818
1135 2838 1691 2414 3404 4149 1478 661 132 2320 817 4575 2963 520 3146 2394 2504 2137 3006 2450
4500 4830 141 2446 4086 889 1088 4229 3734 1032 2838 3496 1426 3437 2778 1203 4596 4086 1098 2999
3847 1692 4921 1695 981 2818 155 1041 1500 4675 2727 1622 30 3273 3181 1412 1471 2393 1441 2964
2385 877 2993 2150 3670 3106 1635 3053 3348 1088 4837 723 2074 1889 1627 2131 3547 2180 2414 436
2191 1126 2194 4449 889 2719 3632 39 2786 476 144 727 1537 3556 3638 2292 1120 3125 837 437
3212 3099 1182 1342 1818 1861 1041 3760 4044 1840 4607 144 669 1217 39 4263 4968 4978 4877 3833
2374 2922 1019 3647 4263 2761 4228 4802 3481 4276 1769 972 4487 1653 4052 165 3756 3992 33 3760
2844 590 1182 155 1217 4197 1561 4094 3571 2828 3714 1439 2450 437 2482 4538 559 2191 117 1565
1075 379 1819 417 2255 1310 4466 4851 3787 1268 1203 1084 811 3711 2275 613 432 3048 2305 4231
4602 3670 3045 3057 2191 588 2344 3674 1537 1537 4415 1088 1335 2074 2038 3045 2450 1582 4616 4891
3378 2322 4900 3404 3346 1588 2084 3845 3038 174 2399 1726 1005 2564 4086 2439 2499 463 496 488
602 831 1821 2295 790 2993 4604 1840 4469 2439 2828 1748 3610 1864 4415 4342 3623 2049 1813 2280
4906 4490 2922 3401 4921 2499 4315 296 41 3670 3773 4123 4315 141 2922 2828 3767 889 941 941
1739 4458 1709 2780 3242 117 405 1011 3408 1941 1003 2063 2294 4017 2205 3608 1234 1818 3053 4786
270 1066 233 1478 1507 474 82 1199 2276 2558 3465 2450 4252 4213 4507 1098 4776 3045 3683 407
3366 4978 2030 1295 895 3081 385 4522 780 4252 3820 2139 48 1603 4365 123 3465 981 2191 2611
4259 1041 2066 4978 4978 2042 474 843 374 2474 3541 376 258 1235 2079 3445 2298 2292 2246 2079
3908 2408 1741 1837 3252 2621 3328 2911 4270 4668 549 734 121 4315 2890 1214 942 1889 1112 105
2905 4670 1099 1741 2462 3863 4817 221 1918 4263 260 1653 652 785 531 2611 2922 4097 431 3223
2905 1311 1667 4144 2774 3556 1823 4624 2698 704 3611 2774 945 3790 1328 3678 1837 4860 602 717
3946 2176 4523 2344 1464 4446 1861 452 1364 3134 3758 4838 4042 2163 2217 1572 2139 1040 856 3739
3908 2139 1083 4435 4941 3790 1031 2030 4694 1590 130 1627 2663 2074 4089 347 280 1336 42 4504
1848 116 2191 2050 781 2992 3615 474 2244 4690 1230 817 490 4533 2271 165 2061 3223 4263 782
4623 1083 4896 1088 1721 3586 235 4289 3734 1142 2828 4270 248 3212 4542 3813 1454 599 744 2087
602 1533 3420 1093 3967 1199 1141 2385 3332 821 77 704 4830 2030 1203 4446 3790 176 4865 341
2444 2090 119 351 947 889 1072 3611 3908 4668 2897 843 1625 1203 2100 3553 1083 1088 1709 3053
1511 2133 2191 2611 2191 704 4619 2007 3790 3839 3185 3302 4880 1537 2719 3045 1941 3557 341 1983
2176 3577 4042 2992 2441 2945 2294 2761 2450 379 3770 1194 415 988 1132 3305 2639 2500 2420 3212
2566 1308 2993 324 3004 1286 2408 1996 2308 123 4966 2298 1891 2929 437 1110 543 3652 2727 1667
1469 3990 4486 2668 505 1542 248 1474 1928 1020 1189 4529 3265 2271 1643 2219 4960 2091 862 4681
1891 486 425 4738 1188 2090 3521 3001 1228 3652 1635 1957 2713 1804 3200 4817 1041 1041 4798 678
3908 2642 933 939 3830 4859 1194 2727 3082 3242 877 4415 2302 2238 3378 4515 1352 1740 3252 3502
4080 3630 4352 734 3022 3758 3053 1346 3311 4913 4601 4012 3053 3053 2288 102 3451 3154 112 1072
3404 4891 2482 2394 4985 3557 3791 3326 4926 4357 4941 42 2528 486 2834 4960 3674 1885 2414 2828
3677 2600 3853 4504 695 105 3312 971 4446 3906 223 4817 1791 693 3553 2074 933 2696 4598 4285
453 441 4623 1426 860 2074 4092 2192 2788 437 2775 3892 2394 3611 2137 813 3944 593 108 4662
4168 364 2611 945 2854 1571 296 549 436 453 2061 4877 3653 3678 2719 13 2774 2376 3212 4352
667 965 4263 1805 780 4372 4144 4507 2849 415 1155 737 3134 1562 4670 4610 140 4012 4798 3053
2945 3611 2849 4713 1692 3909 572 940 2414 1296 3627 4855 4709 4289 1004 3168 1346 2149 4526 3521
685 2993 1653 1375 1088 924 4312 2815 4012 2611 42 3727 1529 3208 520 4504 4276 1083 1589 3236
1040 4565 4851 3273 271 550 817 665 2220 2564 1235 4333 2139 1980 3021 629 4523 473 1530 3391
4500 1788 1666 1813 3045 2304 663 704 821 3758 1311 4375 4378 3906 714 41 1349 1565 3494 1465
3219 2102 4562 892 379 4287 4255 1092 2922 1813 3617 4364 3133 4891 3181 4817 1328 1336 15 1484
4270 4209 186 1147 2368 3428 271 1632 618 1325 1023 4086 2922 4594 3053 3478 2849 2083 102 2963
453 4791 1531 123 2280 3678 2110 3774 123 4551 3717 2268 2808 2276 2707 4865 1439 1280 4765 3884
2779 4263 706 2774 4205 2131 2398 2580 4626 3717 1622 313 2298 1830 940 3310 3409 3751 1621 2499
3429 1041 1041 693 3236 2030 2315 3667 3053 1199 437 1980 668 669 4415 1465 3045 1112 1920 3745
1454 4467 1234 4019 374 4668 2301 4342 1203 1148 3583 3553 3378 2238 3451 4066 535 4364 4784 749
4206 1954 4779 1336 3053 2191 296 437 2586 3916 4830 1494 155 1136 2061 451 3485 2856 3677 3980
4597 1323 3879 2665 3820 1991 3242 2879 3727 2001 3527 75 349 479 1107 3502 3081 3184 877 3647
3908 3944 3408 4503 1311 4976 4342 227 3965 3236 622 4906 3236 2528 1604 3653 4154 862 397 2922
3233 1142 2276 22 2822 3302 2394 4928 3045 4426 4394 1977 708 505 3019 4817 4678 391 4594 309
