3262 3080 3045 4967 4891 2537 1294 1726 3494 2061 2938 4698 1989 2191 1537 3756 4446 2032 3678 112
453 1932 2457 4263 4860 365 2504 1862 3790 4876 2221 2393 2428 2308 3652 683 778 3996 746 4444
3124 4891 2218 2219 3670 1346 1531 675 2528 4353 3494 4213 1045 2214 508 4458 1136 4827 527 4263
3723 2611 672 4670 437 2338 4616 1275 144 4431 3457 4526 2611 4052 4994 2611 1279 1907 947 4375
3212 1328 3552 1980 4080 1088 4206 399 3444 3670 2530 4080 1920 4095 3557 2191 3669 4908 4504 941
4206 3670 1289 4218 102 2963 4906 4480 4213 1749 463 2191 4445 2074 41 1465 3617 3140 2139 1660
2481 1980 4387 4850 1345 1689 193 1522 3214 593 260 2450 1280 607 1627 2090 4214 2392 1316 3557
3847 4401 3845 182 2999 2414 3723 4751 1366 871 1837 41 3996 4604 1885 1823 4461 4555 3939 3222
2455 335 4086 0 869 4289 2408 1041 1041 2565 1041 1223 4342 3670 2065 1837 1970 42 2131 4729
3218 3720 441 3077 1608 799 2613 3465 1069 2435 4502 4337 3908 723 1287 4313 3751 1975 2780 3409
2031 106 3219 4144 4897 1583 437 2592 404 844 1088 272 3222 1622 831 2131 2586 3670 4487 2450
1150 1476 3600 2786 571 4415 4836 3133 1717 1855 1088 2476 2270 1726 1269 1861 688 3958 4173 1957
4093 2360 437 1328 1659 4039 2613 3437 4534 3465 4327 3711 4987 4149 735 1078 4370 140 4975 3053
1179 1674 1851 3053 4529 3053 174 1364 3134 4137 885 3926 2191 4861 4861 1434 4056 4590 669 4305
4817 1041 1083 2922 2828 2394 4035 30 822 1851 669 2611 1885 645 439 3014 4276 3059 2250 155
1469 4011 3557 3946 4218 3053 4948 2031 2256 1363 141 373 2759 3586 4086 1421 3751 365 4415 3494
453 3179 981 90 2019 2528 3143 4511 3222 3053 4879 3606 2399 1590 3610 2990 4338 2191 1861 1235
4003 1913 2257 3045 3429 2727 4441 2049 450 4851 3670 2415 41 4255 2294 3727 4616 439 3670 4914
4003 2423 3465 4889 3057 2895 4851 3583 4873 1090 4442 301 2131 4595 3456 3756 435 1386 1643 590
4010 3019 3494 2640 3061 2320 3139 30 2414 2413 4698 4427 4813 1848 3674 3186 3085 2061 4725 1751
2934 4680 4259 1041 3218 704 4230 751 101 1089 4776 4533 3409 2805 2818 2552 871 2149 4478 2349
441 3045 424 1439 963 1232 2498 3161 3619 2271 3944 4798 1881 2030 2640 1375 1088 1011 627 1088
599 4012 1223 4084 4672 2280 15 1951 776 3241 1962 4941 4596 2839 3045 3408 3332 4385 436 3454
7 1356 844 3692 593 491 4668 971 2294 2191 2611 4682 1098 341 799 1972 2688 3211 1511 3865
3212 1098 2367 3354 2176 2905 3045 3866 181 1594 3478 4315 2611 3750 438 2139 2332 4784 2496 1627
3530 4259 3611 4369 3248 2027 959 1709 2191 1439 965 1471 2990 4941 3965 4415 4672 3611 693 831
3262 4994 824 3202 3045 3494 2818 1446 2611 1382 1530 3337 2007 3813 3081 685 3465 2038 2611 2191
2478 508 4471 704 2074 2074 2166 1098 3521 1537 2408 2415 2344 3045 123 2335 2308 2805 2295 3494
1976 490 2191 4168 129 1530 1346 2640 296 4517 2611 2191 2611 2887 2993 2977 1363 287 3553 4166
1766 1172 99 1328 1352 1155 2638 2338 3045 2414 3739 4012 2556 349 1511 1837 924 3525 4973 3181
4487 2450 4523 1689 1040 1323 1653 3670 2907 694 3053 1659 3332 1921 4202 1969 1784 1232 3222 1590
3218 3758 2580 2408 1142 49 4689 4665 1328 4097 2393 1007 4879 4411 602 2498 4836 3134 2640 1039
4506 3444 1418 3408 3796 174 2391 2611 841 2414 4160 4449 1635 2082 3582 3057 4442 436 1088 4168
474 4374 3236 1891 2220 293 3784 4438 2394 4169 3602 4033 3833 2854 4827 4678 2566 3045 4276 4817
4476 474 2155 4738 4289 1862 1561 112 3625 2007 4248 2717 3387 4791 3980 3014 4974 1839 862 2477
1653 2611 4601 4565 2139 2566 1916 1622 3408 3478 1818 2429 3408 174 4786 2727 1600 3737 2673 3659
2965 1120 4379 3831 2079 1554 3045 675 4550 3852 1087 2992 2271 3143 2290 4502 3764 4987 1858 2611
2564 2827 1214 4897 3408 3339 266 3530 474 708 1622 776 3960 4287 86 704 1366 505 1566 1153
1957 4086 2191 249 1698 809 1403 807 2124 1449 2518 4192 4756 3611 296 2139 4446 454 1107 708
4360 2992 1418 3991 1913 4600 1011 4860 4506 1140 599 1830 2119 4876 751 1286 155 4184 704 1689
2914 1627 323 1458 30 1328 217 1627 1861 2611 4530 3716 3929 2671 2815 3790 2618 4282 2919 362
3363 2921 4855 2756 1328 1653 2131 473 2569 4094 3760 1132 527 1045 1576 3804 3586 1210 1311 4510
4352 3401 1335 3038 2074 42 2074 2410 4387 165 3140 180 1071 4840 4319 3279 3022 3215 1458 94
3086 1784 4737 2061 3525 4094 2250 4598 965 2898 3401 2564 3761 1996 2639 2191 962 1487 2444 2759
1579 3147 4279 3162 4492 1709 3338 4891 4495 3535 3273 1088 432 3634 3678 435 3586 3671 4784 1182
811 4438 3341 822 1913 1028 2257 3796 1047 3451 1695 2113 3796 3712 4487 3099 3857 2860 181 3093
3547 3045 704 3583 474 1451 4542 227 3077 1970 4487 3756 3587 4086 3670 4319 1323 3899 4191 3790
3212 2389 1969 2789 2238 4125 2334 2922 3144 4565 1507 667 112 2272 1947 2946 2527 2090 1741 1841
4093 2963 3437 4308 2509 564 1788 3638 2042 2504 2952 4398 1195 2780 4880 4817 3053 1205 15 1155
1561 664 3159 3105 4565 892 3957 1349 817 1011 4352 2313 1255 1667 776 3670 3582 3081 4755 1771
2905 2611 4670 2198 802 3339 2191 3248 3611 2423 1458 3225 1415 1312 1610 2918 4879 131 1229 960
1844 1421 3556 3582 3881 2639 273 2911 1643 726 695 2318 1088 4125 2653 2298 3610 4059 2827 1294
4286 2884 1254 1625 3607 675 41 1726 3769 813 384 174 2904 4718 3607 1346 41 4315 882 3408
2402 3996 181 3070 844 2410 3000 3106 878 4891 88 753 304 1203 1562 895 3586 963 1861 3053
2075 3773 593 1172 509 3181 2756 1258 4602 2727 268 3756 4678 1386 94 228 3586 4252 202 2268
3404 4672 4827 3570 1643 112 1347 1320 3077 2408 767 4401 2539 3674 2992 1977 3651 1366 4987 2271
3845 3212 3045 3184 4672 1088 3401 1881 4523 602 155 1426 2155 1417 2223 4960 2854 2004 4941 469
782 2528 2988 3632 3401 3134 924 211 3332 227 4214 2049 1659 74 3469 122 1397 3416 260 3570
3908 3340 4855 3241 4851 3958 2827 868 934 4457 4086 2334 2874 1067 1199 3045 4976 1785 61 2294
602 1346 3045 827 2945 776 4289 2521 30 3124 4978 603 3758 2246 1532 4014 3987 1692 4827 4448
4379 2682 2737 2921 2667 3892 3908 149 4796 4718 376 4360 2611 2609 3146 671 349 4996 667 2611
4855 2450 4817 1726 2294 2294 3273 4604 466 3860 2084 4274 3611 2661 4981 1975 1667 1855 2572 1495
205 376 645 2338 2294 2727 1283 1622 182 206 271 2271 1000 2963 767 602 1346 1661 1641 4279
2257 4670 435 3990 335 181 2191 454 4891 4086 1155 2521 567 119 2414 1433 1088 3185 2992 4218
