102 546 3760 938 1726 311 4415 365 4993 2922 1625 1088 749 296 4851 1821 2191 749 978 1891
602 1321 1346 1364 3329 2298 3045 4012 837 4558 527 2137 3858 1354 2221 4089 862 2611 2764 4476
323 1667 2727 2600 3079 4245 275 837 2191 2611 3053 3408 1604 4976 4815 1041 1277 2322 437 3102
3836 2315 4127 2450 4840 2922 2042 2435 1920 3857 751 3053 344 3408 2033 693 112 3053 3053 527
4010 3563 2408 1629 3770 2074 2450 2215 2611 3906 1635 1631 508 4565 1571 4398 2498 2918 1813 1041
1757 4845 2408 3045 1453 2632 3994 4597 168 3053 3053 3760 127 1182 1953 4855 3022 177 2494 4850
3218 2418 4042 3218 938 2922 2294 1667 3551 1726 934 2661 3285 3120 4342 15 1088 4999 1126 1893
4259 2604 742 3934 1454 2679 2408 1325 3053 3053 4282 2600 2272 4276 4307 593 4331 2295 1223 2919
1328 2481 1749 821 2217 3045 4880 2191 2178 3372 4250 3254 4041 3494 4668 3557 3749 3443 831 2365
2036 3494 2276 2414 2408 3181 4668 4487 101 3224 1582 4213 4438 123 2503 732 2611 4312 3265 4876
4933 4209 704 2922 2828 4208 3300 172 750 2946 2299 593 2393 436 4352 4756 2500 4896 3606 3341
1844 4267 862 602 2178 1268 1125 1667 2238 4933 4855 405 2528 105 3586 102 2828 2001 4596 4748
1067 732 3813 474 463 3383 1426 2776 3279 3852 704 2965 1848 474 4855 4116 990 3707 2393 813
4915 2639 3387 3872 748 4879 4879 4184 1321 4556 4133 3494 4802 4144 1844 527 837 3902 1886 4891
3530 776 3311 2998 4086 1308 3082 1214 602 3032 3109 1325 174 930 2836 2727 850 4059 3046 1011
1083 2942 112 704 4851 1074 4631 2629 730 4776 2315 3352 2408 1382 1128 3769 1929 26 4094 4467
3162 3206 690 4581 1667 1528 1067 4891 2450 816 3496 2393 2246 2051 2057 2450 4115 2440 2457 463
1793 3045 1889 2090 3439 1034 1582 1862 4974 1818 2450 3670 2132 1045 91 4312 1040 3073 669 751
4168 847 2191 1572 2911 2882 4882 4097 942 3020 3273 1413 2393 891 1421 2399 3053 4285 3610 2965
4487 811 2671 3818 1557 1346 2446 1325 2351 1572 2113 117 3475 3045 4415 3906 379 1325 3811 2126
1492 1709 3401 4442 4086 4537 4773 2922 2828 1511 4604 3219 4173 2948 3076 831 2491 4989 3960 4994
4093 4352 3852 2446 4270 3962 4372 4411 3674 2397 2408 799 3159 1535 4259 1465 1373 1931 1619 3053
2914 65 2321 4352 3437 3023 1784 1511 1141 1667 3401 200 771 714 4668 1830 1812 793 535 2415
2374 258 3813 3557 4507 3701 669 3557 2191 4941 2993 2178 1132 3465 4978 811 3790 1627 2446 4537
1075 1429 1061 4263 3507 1136 4342 1789 3105 1905 4678 1990 2315 41 1275 1532 1495 2993 1572 290
4259 2178 4789 2176 603 1890 3127 4211 758 3986 3105 4855 151 2828 821 4267 1098 2393 3962 4727
1223 3670 1141 4994 4431 2611 3502 2131 2191 922 2292 3032 102 3134 1346 4353 4342 4176 1142 2293
3734 3586 3908 2408 4849 3273 2049 1622 4623 3380 4662 4817 2727 1635 1588 1757 4097 4125 2922 2815
749 2788 3948 4338 4010 2141 3586 113 1740 3465 2521 3045 3771 953 821 105 704 924 2611 2644
1416 4935 1047 173 776 3851 1150 2239 4855 2922 2600 2191 4602 2113 3946 4824 2029 2131 4500 1622
1075 2191 2863 3674 4131 4850 4080 831 4065 2394 4583 3142 175 4987 2863 868 2778 1087 1907 4872
1040 1089 990 4623 1648 1530 1172 3045 4670 4851 602 3651 3744 3429 4563 463 2552 4546 2840 2176
4031 1561 1891 1750 742 4637 4593 1980 3246 1531 3167 3826 1741 3587 1473 935 2698 275 2446 4086
3212 1506 4379 2828 3711 4796 1199 1338 1622 1136 2528 2191 3845 2238 1194 375 1098 2922 3557 2509
2217 3077 4626 3212 313 4817 1041 1627 3053 2007 4819 1366 376 562 599 574 3892 3004 4239 4827
2779 4076 4205 4960 1686 3852 1426 2075 2191 486 3494 1627 1334 2521 2139 4993 2302 3105 4232 2139
2478 3652 2191 453 2294 2178 2074 4941 4040 3181 4249 241 2335 384 452 284 1676 4928 831 821
3847 2414 3758 3053 3811 3908 2828 4639 1235 1041 130 2993 1375 2922 508 1155 4127 1535 4276 1770
225 4379 751 3053 3996 1653 4214 146 2922 1692 4565 4124 4080 694 4851 4941 156 2836 486 1311
2257 2500 709 3190 1147 3553 174 3133 1033 2521 3908 2261 704 726 3804 3801 1913 3580 4855 2248
645 1099 205 2191 562 1653 4086 1132 2504 3408 4941 3408 3273 129 1262 4495 4836 1686 450 4415
4626 602 1178 1891 4263 3749 2387 2250 647 454 2393 159 1504 1726 2903 2050 3779 2699 2294 2854
1844 4859 1366 2789 4784 2030 1439 253 2191 3401 2092 157 1667 3408 4231 244 3851 984 535 1739
557 2182 1300 1232 1757 258 1395 1325 1311 474 1401 2721 2481 2505 2074 4276 2191 3545 3332 749
3212 704 1458 4387 2951 4342 3557 437 3908 4459 3557 751 3873 3414 1241 2865 2440 3106 1975 4866
1075 4855 4379 1830 2557 405 3045 2529 1947 2611 3556 315 3252 2271 1253 4829 4016 1088 4664 403
4416 1308 2993 4287 2221 3934 1093 4446 433 2889 437 340 2408 4342 2061 4442 2476 165 2699 4512
4086 1030 4730 3001 2450 2083 3076 3917 1432 1767 841 2132 443 1132 2176 2822 1243 4994 515 1559
1808 125 1798 4817 1328 1726 4894 3332 2528 3060 811 1041 1083 2726 3053 3053 4575 15 232 376
816 1126 2788 4458 1354 4670 4247 1124 4678 4876 3852 3769 4033 978 1141 2860 4855 316 1565 1155
811 1872 3494 3760 300 13 2945 4352 2295 2631 4994 3242 272 2767 131 1457 2610 4381 2191 4446
3847 1679 1107 1156 3494 4546 960 4449 1199 2408 4515 3332 2789 195 1328 682 558 3511 2843 4204
1913 71 690 533 2698 4252 4623 3241 2627 271 4304 1439 4267 1627 2472 166 1150 4987 1529 708
1211 2061 3845 1731 4209 3790 1417 2408 4592 4501 2074 2599 661 1142 2439 1097 155 3383 3411 2074
48 3028 1729 800 2137 2595 4941 3647 3908 693 3473 2828 1083 2854 3009 3502 4289 1098 374 3169
770 659 3796 4286 1700 740 1141 1531 2349 4147 1041 4289 2999 105 2527 4624 4224 2922 2674 618
602 2922 2695 4415 1308 1195 4992 4000 2860 871 4543 4419 2856 1881 4817 1041 1561 4342 740 3670
1765 1789 1155 4646 2921 87 4014 3311 3588 4149 1455 2854 3960 1767 1027 3306 3852 4858 4756 3053
3603 2159 474 1076 2408 4263 3743 3902 1830 4214 1366 2468 3052 4442 500 2528 732 3767 4252 41
2178 4375 2890 2030 3404 2294 3502 771 3553 3989 1950 2354 1653 3582 2633 1088 2061 3879 165 4979
3162 1844 1689 452 1643 1346 1323 1653 1763 2611 2118 2218 3716 57 1674 3530 2408 486 941 1731
602 4670 3900 1083 4559 2191 1121 4938 3580 1667 3857 360 438 3252 1235 692 2727 3607 3852 1627
4305 1545 4149 3908 1412 501 3557 698 3611 2178 1203 2030 2770 3721 71 1571 4565 3525 316 4668
3210 4252 2727 1848 732 2826 3154 4352 1088 602 1346 2922 3908 3181 4414 4125 1264 602 4718 1320
