990 4559 2082 2426 2173 3747 4957 4544 1794 3944 1827 3219 2590 917 4619 4565 4446 1707 336 4319
4759 1889 4263 1859 2462 4005 33 1242 3053 1088 1443 1943 1397 3574 3610 2474 4855 2973 1891 4182
1579 41 4678 4941 3906 366 2191 1537 3045 975 828 4415 3188 2249 4000 1312 1346 437 3119 2552
2478 3740 2408 1041 1223 3790 1041 557 4763 1158 3212 4798 3886 1041 4012 2922 2413 3852 2642 2155
3061 3328 1418 1660 227 2498 1129 437 101 1426 2963 3134 4965 821 787 4270 4597 1041 3020 2653
3908 1315 4817 4209 3105 4313 4289 4623 4788 1439 1196 2828 1885 1294 4263 1885 2122 1495 1689 22
691 3241 4338 3670 4914 3977 42 4957 821 4575 1277 1110 4263 4459 28 4263 4690 3586 2414 4546
4737 1894 1235 13 2786 3670 142 430 1235 1565 3906 558 2090 3952 4778 4385 4698 4751 3553 3496
2727 4817 3970 1405 1342 232 2053 3811 4989 2611 2642 2063 1212 3242 693 1083 4860 4651 2553 3756
4817 4757 4987 3758 1520 227 4315 4378 2786 1667 4565 3486 4394 3236 305 2061 987 1150 4798 962
782 3804 3091 583 2611 1346 4342 1886 4375 3851 2139 3908 365 1679 4623 2790 486 486 2408 4037
105 3015 2455 2186 831 2922 2016 3162 1408 879 1757 4185 426 4537 2111 2484 2119 4796 1556 4938
562 520 2179 2570 3534 2913 486 486 3969 2611 2394 4594 3081 2793 3045 3465 2953 4629 708 1470
4259 1397 1689 4923 3366 1439 364 2321 4239 1113 3277 1486 2178 364 3898 4467 4415 3387 1767 171
2593 4536 938 4668 1047 4263 3039 2408 4594 1264 1301 4862 222 3915 4052 3357 941 535 365 3760
668 2025 2489 3330 278 3388 3600 1692 1223 205 3045 2903 3242 3054 3820 1484 4357 4596 4577 3130
3908 780 15 558 3790 4993 1627 1522 2030 2191 2257 2890 2294 821 4817 3140 1097 4041 2922 4737
3847 3758 4149 2863 2529 2631 1088 2030 3357 1793 4698 2191 2246 3582 3996 3845 4835 675 1088 693
602 1346 515 4011 2613 325 3852 4381 4590 574 1064 415 1203 4698 1319 4086 2031 2600 1363 2414
1416 4967 4263 1903 2520 1762 1142 1818 3332 2993 811 2611 3053 962 3900 732 2856 3811 713 530
4500 885 918 3053 2030 2476 4949 799 3228 4228 4586 1622 3939 2922 2828 404 1348 705 489 3289
3363 1453 2408 1608 595 1788 13 3949 2713 4353 2992 454 885 930 1704 2922 2963 4415 4381 3037
1518 429 357 3059 967 436 4407 571 905 4672 218 4592 3550 2999 631 3186 4060 1432 724 2191
385 3701 2611 1891 4772 3413 611 4307 4140 3609 227 4042 15 1734 2238 4267 2449 15 2788 1679
4626 2528 4879 1242 3813 4438 3751 1791 3549 4415 2393 2044 766 1269 4445 860 293 3395 1001 1950
4304 3027 562 704 602 831 3279 2640 242 3977 4378 4461 4088 165 732 2395 218 3647 2220 2294
2385 2492 4565 3327 2756 3908 941 4276 2036 4565 4851 1443 704 4415 1525 4941 1001 2870 1011 2588
2528 3774 4596 2875 2191 2570 1582 3053 682 4586 4228 349 4859 4941 4372 2642 1310 1622 4913 2298
4080 4989 885 3643 625 3806 1565 3796 3751 151 2608 4610 1627 1757 4604 2024 1328 4315 4112 4642
2884 869 1864 4903 4231 3045 4603 4149 4512 2171 4446 2061 2849 1484 3146 1852 1864 3181 4276 2191
3852 28 4086 2699 1235 1454 112 2191 3422 1199 2775 4565 4086 1242 2611 1534 4586 981 3653 2478
3363 2415 2552 4512 4086 737 3287 3332 3647 3806 2583 2408 2378 2082 3906 3022 1363 3437 2418 242
782 123 3045 2879 379 704 535 4012 962 897 2057 3045 15 3134 3081 879 3053 1708 2278 4817
2884 1721 4385 2844 1124 4263 2274 4696 1837 2061 1667 953 1311 3383 1139 2049 4427 2609 1689 1667
4999 3292 2613 644 4594 366 2188 3355 3045 2315 2171 3858 4387 3583 4352 4252 4952 99 4086 1155
1643 3607 1592 860 1328 2914 364 3306 1635 770 113 3525 1862 663 1861 1535 4592 3045 4994 1667
486 2089 1622 3366 112 4594 355 2357 204 1409 4263 3572 2699 1234 2074 821 315 705 708 2928
4930 2092 3212 2824 3330 1346 3186 102 562 751 3222 30 4786 3409 3405 2271 4208 3830 3639 2431
354 2922 2827 432 1335 1692 3638 1390 667 793 677 3053 895 2854 4987 799 4750 3796 2408 3760
922 541 4276 3962 3674 3058 42 2611 693 2727 2998 3141 4872 2788 4926 2533 4010 2257 4756 4934
3908 4352 2344 4375 2849 1530 744 1367 1822 3400 1087 3846 2934 1667 2100 1172 1575 227 1083 1041
3908 813 4737 3813 2191 3061 1667 3061 1041 3053 2042 4670 381 1320 3241 378 2050 2420 3939 559
3341 940 119 2420 2611 2860 4668 3169 3332 4919 1346 4974 1346 4270 3813 4205 811 2727 3607 1147
4086 1818 2564 2408 807 4407 2338 3566 3846 4131 3251 2426 2611 2999 3139 437 4195 2133 2318 2092
778 3864 2756 2570 1844 2505 4879 2778 1054 321 4672 3927 704 224 2320 1852 3019 1039 3106 4415
4263 121 2061 2152 4093 3045 3045 2827 264 933 4864 174 2391 3277 4877 3939 4913 2963 436 3053
4565 3996 3081 41 642 3559 3572 0 1941 391 4086 1582 1346 4370 4487 850 3208 4045 1562 1511
4010 4404 4267 3230 4247 3045 4855 863 486 4504 3602 2528 3127 3936 672 299 2786 2513 26 4855
1172 782 90 4824 3225 1913 1366 1729 4817 452 3977 1861 587 2408 3582 4353 3670 1969 1980 2443
602 1891 3678 260 2640 2031 862 3192 4802 3759 821 3852 1107 2408 4737 2191 771 2963 2131 315
340 2528 2840 101 4149 696 2826 4681 2827 185 4381 41 593 2399 3670 4487 2696 3574 1720 4042
4759 1788 1891 4855 2087 3478 3494 7 2774 3586 1572 1037 3300 112 4263 4537 809 2611 301 1587
486 1126 1071 3494 2918 1126 1837 4596 698 2827 4672 4263 2325 659 895 3967 821 4317 2293 2294
1150 3065 4526 850 2547 2625 2280 1325 4282 4153 296 2597 97 381 3045 885 995 2828 1366 101
1069 1465 2074 4276 1093 3852 4616 4381 3037 4394 233 87 593 2699 4481 1667 3146 1124 4205 2511
407 918 2778 3401 1830 2724 2854 4134 2826 4031 3186 1572 2030 2827 1375 1770 2482 4263 41 1784
2191 486 425 1970 4718 3019 704 1187 941 285 2074 4461 3380 605 4859 2609 4859 774 595 1069
2935 3521 4287 3991 437 2828 2180 436 2838 3268 486 2131 3852 3065 1627 4957 1346 3142 4144 454
3509 1088 2191 1814 2414 4771 3045 2594 2988 3674 474 4086 2220 821 1475 2213 2434 3556 3297 4442
3162 851 312 2030 3806 827 535 4044 4803 2640 1098 1609 3692 3734 1041 3366 3965 2611 379 3053
2779 15 3358 2522 4263 3019 1813 4865 4855 2166 932 357 1980 2786 1837 3683 2290 227 3884 515
4355 4249 1856 1294 1439 4276 1205 1627 3635 1124 633 4702 2838 4014 1217 963 4317 4333 2824 3586
4093 2640 2527 3647 4081 2508 2890 1365 557 954 3534 1126 4286 1088 2403 2611 4578 704 107 258
3933 1689 4071 2246 3580 1604 2889 1316 2357 3857 1819 3166 1364 3053 1088 4603 1622 4056 2426 1136
