3550 1821 599 864 1754 4378 616 3383 4086 2759 271 4140 3252 3991 1117 2501 941 637 4559 2450
3908 938 4469 2349 3840 3758 2040 33 437 3053 2849 3146 2918 1439 4415 3293 2543 4967 2580 4645
1993 441 1627 2503 656 2142 260 2305 890 4113 4517 2839 1840 2374 1689 981 726 1766 4333 4941
770 3381 3858 3813 1072 3561 2127 2499 1413 960 2176 1454 2450 2450 4698 1667 42 1192 3053 3411
3835 4494 260 4270 960 3506 4891 3478 1088 2394 1602 210 2082 2393 1067 4957 4092 1320 1418 4604
486 1740 4672 3344 1661 3453 4876 1059 3920 4728 1166 28 1243 895 3081 3989 3561 446 745 1007
3219 2191 186 2528 2529 98 1498 2699 1938 4827 4287 1098 3500 2837 971 2784 4312 3638 4044 608
1150 1588 2527 1328 4523 2905 2396 3649 1704 2773 4481 4370 1182 1572 2827 4824 1235 22 1793 1476
936 3218 1656 4415 1321 2988 908 1916 4651 3355 3332 878 984 3038 273 3297 22 596 2855 3634
2557 749 1120 4987 1622 751 4601 2963 744 843 4994 1550 1088 1565 2414 4641 2344 740 1071 3354
2579 1455 3194 2246 2320 2640 2898 1550 1088 1335 2438 2859 2132 4537 2063 15 3718 2774 908 104
4383 605 3727 4987 2087 4879 132 4914 1936 1667 3505 2482 891 4056 572 4173 4576 2393 2738 1511
3756 4446 2860 2600 1011 3703 3710 2962 1894 4776 3840 3663 486 3958 1000 535 101 2613 2827 4438
3246 2124 2317 4276 2498 2954 1325 527 1813 3613 1920 1757 3045 3401 1889 2504 1170 3133 1039 1349
1203 4542 4880 474 715 4267 4677 474 4714 3752 2399 1507 4425 1454 2528 2318 227 1712 4751 2209
3246 4352 3050 3380 2320 895 3081 2394 264 1401 896 3411 582 196 2573 4519 374 862 1700 1324
384 4626 3215 2293 822 147 3849 232 1576 2269 2027 208 2727 0 4995 1346 4011 4709 3242 3167
2218 704 1692 3833 2171 4606 2414 515 4280 4577 75 2942 3989 2391 4252 2148 1139 2441 2611 2528
1653 3906 3674 113 1145 1856 2520 1565 3224 2394 437 4515 1083 3655 527 3236 4891 4086 4441 436
4504 4191 1827 2027 3306 1789 1531 1608 4230 4052 3054 697 2491 1861 1316 810 885 2236 2941 4885
2923 4050 3437 2684 1833 3404 2980 645 4840 4619 376 2007 2213 4312 3572 399 4664 1604 2543 3525
3217 960 3765 174 4153 2298 1572 2639 1622 535 48 4471 4526 3223 3883 3119 665 2294 3236 1090
3009 1750 1622 777 1814 1840 2191 1073 2191 4914 4379 4452 3220 443 4228 4364 3215 893 3372 1837
4206 2865 889 3384 599 4602 885 4021 3276 1458 2727 1476 1034 3445 1176 4587 2917 2428 4184 4438
3099 2276 3240 3813 1921 1582 3554 1561 2302 1827 1264 4960 3413 1813 162 3462 1851 3993 4858 4276
2178 3494 4270 2611 4923 4355 4776 4874 4431 3057 2298 237 4267 4097 2854 2879 4634 3502 4639 4523
2023 3970 3899 3681 485 2131 1039 659 1848 1708 2259 4603 3958 508 1199 2818 4855 4037 4727 2441
1317 1767 2993 2733 3134 272 2414 4027 1635 3045 637 2602 4854 1919 4656 2041 4267 1230 1588 4941
3908 3099 2053 1364 1969 751 3671 1201 4542 3014 1813 497 595 4263 1273 2027 1294 4835 4794 2828
4093 2528 1721 1729 3408 2649 2863 1719 2280 1306 4307 4342 1496 2993 2905 3997 810 2594 3259 1098
424 4602 2276 4469 3250 4631 1448 42 782 570 3852 100 737 680 3082 4480 3583 680 3830 821
667 1279 315 4594 4317 4535 4321 1571 4276 1635 2131 1469 3965 2482 722 784 2294 2131 4796 2177
486 3608 91 4209 3021 535 377 2905 3842 1349 917 3018 3993 2074 1571 2408 4307 3408 466 4544
4737 2667 505 4125 4374 4140 1617 293 315 4387 1814 3906 408 740 72 3977 4880 4378 4140 869
1210 1694 2030 3438 3287 1692 4263 4439 4963 4125 1967 3820 3471 2788 2036 2942 3486 3053 862 4280
1530 1037 1098 4303 4796 211 2038 2528 128 2139 4512 2111 2935 3607 4480 1293 1572 2907 237 1373
2935 3488 2481 4046 400 1679 2298 3053 1194 2827 3344 1195 1345 3045 1326 2951 3630 3119 41 4737
1489 323 530 2294 1780 2090 4237 2528 3774 41 2131 1704 1627 4651 4058 439 4040 3435 1067 4506
1030 2802 15 3549 1578 2474 874 391 3494 4042 474 2398 4358 2505 3958 473 849 2393 270 1223
782 550 3344 3758 2220 572 1069 1568 1511 2805 4949 3169 4208 896 4904 2818 813 2933 3906 2774
2271 2450 2640 4802 2344 798 4877 3281 1058 3496 2322 2308 4415 4441 484 2505 4978 497 1075 2178
3847 188 4962 1324 543 4287 240 4504 3926 280 1791 4543 4069 2946 3872 1041 1041 1041 4064 446
4903 3831 1083 3156 708 3673 1619 562 1041 2350 1041 2890 1041 777 2096 2611 1321 1178 2131 4419
1083 639 2929 3912 4388 871 2394 535 1194 782 2699 2739 3383 2087 4687 432 193 97 3223 3674
105 181 2347 602 1902 572 130 3623 1634 3968 3241 121 2963 1507 2564 4313 2921 1530 260 105
122 137 71 2320 4908 3682 1373 4211 1342 2087 2459 4598 2624 2865 280 4467 2257 3045 3653 1469
3162 659 2399 2030 201 1704 704 2159 1793 1150 3663 437 668 237 4501 1154 1648 1936 3946 2137
4495 3611 1511 704 4362 704 3760 2927 782 2399 1709 1668 419 1627 4012 940 1880 4741 1782 2849
1993 175 1977 639 908 2231 1041 1046 4565 3556 4199 4446 3215 2620 4919 3498 3130 2272 4147 2293
3422 2268 1855 2191 2257 2780 1537 605 3053 3996 1856 1913 2450 2040 4596 4287 3242 473 1421 1079
599 3908 2824 3444 751 2031 1531 1041 2919 1083 3268 4134 75 2890 990 4313 2320 1040 827 4985
453 664 3258 1794 747 863 3796 1426 128 4633 3580 3237 1446 1572 1016 4565 2113 2789 591 1852
1397 2922 2030 970 940 3413 3861 3106 271 4650 257 2521 3019 2764 3957 1177 1083 272 3811 3813
435 1894 2482 3502 2012 602 3372 3860 2139 550 2149 3448 1683 2418 2889 1328 2209 4111 385 663
3130 1837 1465 4698 2119 4375 3525 1631 2290 2609 3586 542 4817 2611 3703 3045 341 3911 4456 821
602 4415 4452 3494 437 2314 963 1617 1088 1844 830 879 2249 1791 4012 853 3024 4668 4525 1441
3908 3378 3958 4517 2191 4796 4168 1009 4581 2842 165 2780 3329 2195 4978 2220 673 1116 2922 4993
1003 3051 3758 4446 981 562 1041 4855 750 895 1130 3265 4876 4987 3310 2435 3273 166 4670 2394
3404 4672 2446 2876 2661 3082 2220 3952 4587 2294 2505 4765 4552 588 2963 2074 4817 1667 4565 4086
3242 3892 3224 2492 1016 4838 2294 1355 1249 4089 3582 4168 2599 1820 4623 1689 821 4387 1582 1002
3262 1504 602 865 2740 3053 4763 1749 4994 239 2963 4263 4543 3114 1840 2191 4083 4447 1689 4471
4759 1303 2420 1083 2548 2611 3959 3765 171 782 934 3707 3161 2914 2361 1203 438 2640 3187 4817
2742 2439 3241 4315 1293 1791 3186 4337 3994 3045 3226 2131 4089 4957 439 3906 4775 2963 491 2742
3218 222 4291 2699 671 1146 1570 260 602 1692 3049 4984 4209 1535 2862 534 4694 1885 2695 1473
