2962 2308 4490 636 4198 1132 1229 2552 474 1066 2345 1689 865 2083 4122 3959 2611 558 3252 3908
729 356 2131 1598 3453 4537 3045 2956 2611 897 3710 4080 430 1320 3236 4756 1199 1651 3448 2320
4086 174 4252 3236 1107 1042 184 2141 4086 1023 3790 4780 2315 3022 1588 2362 1643 2033 1565 3840
2343 854 1432 4754 593 273 1140 4333 2048 732 3312 827 1494 4496 2393 895 4562 1417 1864 4855
2679 3506 2435 4672 1465 397 123 4876 3139 2678 1980 4952 4144 1559 4966 2611 4914 3337 3045 2611
770 558 535 1264 1996 3252 2827 4352 3246 4575 1749 2199 2191 3556 1296 2992 443 1093 2450 486
3354 4512 1813 622 1861 3790 2053 4827 1571 2616 923 185 4819 4263 1903 2369 1980 4365 1600 1607
1349 4670 1346 4993 4449 4010 4353 2828 1342 4338 474 2826 1726 2118 3361 622 441 1338 1627 2074
3586 3670 3582 2152 2634 1507 1368 4439 3465 1022 966 3242 1098 2788 2082 2788 4014 1980 129 2640
1653 3080 2499 1550 165 2977 3053 622 2408 2788 4994 1667 3053 2949 3199 1648 4855 1818 4411 2179
2932 4851 400 4417 1784 4798 2194 2220 1357 2827 971 2220 2220 376 4529 3053 2408 3222 3408 1848
4433 3570 732 4098 4562 2477 602 1991 275 3152 3045 4891 1793 2176 4576 3942 3265 3405 2298 1056
77 1041 4565 1556 3061 2191 3311 4978 3719 2528 2408 2334 4205 816 123 4978 4891 3996 3996 4086
4696 3521 4012 170 2610 3878 3015 1033 1627 4906 2082 1000 637 3918 356 3845 3415 4352 986 271
4205 2922 2042 1970 441 3212 4011 4252 3670 3858 56 3583 1813 2139 437 4364 4818 2217 1476 2818
4759 3452 2482 3674 2468 1312 2803 3411 862 3242 831 740 3502 2131 3255 869 3877 3366 3774 26
4906 794 3378 4289 2564 4495 1335 1154 2030 3558 2411 3411 4500 1059 102 48 1328 4738 3535 4670
112 1679 1421 773 2031 4698 2843 602 1405 41 170 593 543 3684 1666 2884 4052 4776 4490 4855
1172 3521 2001 450 2789 3539 2036 4144 77 2611 2298 3004 713 2824 1308 3613 4415 4702 4012 1667
1150 1328 4111 349 562 704 466 1823 3059 3813 3053 864 2298 4125 274 2760 4076 1088 2390 602
4259 3212 1412 3619 2298 2528 2074 1027 767 1643 3218 526 2249 910 1155 2215 4656 1088 3783 2176
2501 1835 4725 3053 3053 3053 3053 3053 2435 1369 593 3264 4381 2854 1264 1667 2080 2940 3053 720
3218 3680 4173 1203 3072 4352 2323 1891 4634 3642 4052 2201 4855 2874 2131 978 1323 437 3415 2440
2419 41 123 1275 2459 3189 1482 3317 433 399 490 2191 602 822 2854 2191 3901 3669 1530 291
2031 4415 1041 562 1820 3813 2082 3611 15 544 2132 4446 2298 572 2015 953 2415 3146 3872 440
667 438 2408 1306 941 3053 3669 1229 558 3587 3437 3032 2854 486 3053 1199 1199 1653 3851 4263
2450 380 4128 2392 1171 3965 4718 1310 437 3958 811 1667 1122 4364 2061 2786 4668 2164 2831 223
602 1346 450 1891 4862 3273 3059 4993 2922 2828 1232 2408 4894 2273 4086 1708 379 1627 3032 3069
4978 4401 91 960 1844 3629 592 3174 2450 3494 165 271 3858 2663 576 2774 248 3762 4238 2111
505 391 1894 2903 3091 3925 469 181 3906 26 782 1789 981 2155 4989 3430 4978 2633 1352 661
3363 2499 3045 3816 4877 4342 1910 2963 1098 2027 895 3081 4501 3884 4195 3589 3483 435 1426 4483
3530 923 871 4467 1692 940 3265 4477 1716 3045 3372 1813 2905 3760 708 1667 436 2139 809 4563
1740 3908 1142 1087 2302 2639 1317 2265 708 226 2049 2074 2032 117 3022 3760 227 3727 2089 3687
3677 4542 4736 4921 174 2447 474 708 885 2030 3871 4438 2779 117 1566 4631 4580 1328 849 2640
3269 4877 4855 3521 4313 2528 3908 4093 4342 1294 2499 2393 3674 3946 1088 2191 732 2042 1969 1891
4004 1571 1098 2564 3022 4448 4523 4237 4352 704 3457 2827 3313 1203 4627 3253 4565 398 4176 3948
23 3752 1136 811 3678 3053 1818 1848 4415 4501 3432 1214 2922 3557 1659 2027 4495 1845 139 4166
1757 4909 3908 1970 4487 1635 1726 1439 4776 2827 3557 753 4184 3053 3006 2312 1609 2963 3045 2459
4495 218 2764 4533 3292 1840 3772 1166 1045 3845 2757 4086 4218 4321 4088 3620 4369 4744 1199 0
175 1902 2798 3751 2594 3654 1354 896 896 2993 4411 2191 602 4743 1068 1142 4546 3675 2963 704
1203 4914 817 30 3045 4880 2633 141 4956 1861 535 3045 1033 3385 3478 2639 2946 141 567 3134
3009 3196 3553 2905 4515 1328 1565 3045 4319 4587 1781 2391 2575 3556 2818 4702 3186 2998 2408 1178
28 4297 3494 693 1426 3908 3505 98 3751 1632 1530 3177 2827 4913 3366 4532 895 3927 868 1864
602 2788 4670 1346 3354 90 3977 925 932 2824 2139 2191 1717 3241 2854 2611 4594 2349 862 1468
4817 2608 4080 2092 1757 1139 895 3268 4597 3723 4123 3357 947 3408 863 1448 3589 2611 3749 2528
2663 1346 895 960 563 3610 4941 3302 3958 803 3045 4649 4682 3190 871 3478 3727 3906 3366 3984
602 1757 2164 4757 3944 1920 4810 1142 489 2640 123 986 3045 1164 1957 2191 2137 3731 263 4473
3363 2090 4670 1156 2727 4710 4532 3045 2450 1840 4206 1122 3616 2903 936 3073 3651 1851 436 3236
2640 2399 1088 4562 3791 149 1328 4704 2509 2030 1142 1549 811 529 98 3337 2450 1235 3678 4454
1040 2504 2611 963 2922 4941 431 2826 1844 4859 1861 486 4784 4919 4117 2031 4709 3962 4211 4301
3826 1426 3451 4537 2922 2640 593 4672 2945 2918 4393 3651 3054 2528 3502 324 2273 4086 3607 4352
3009 3394 4239 2993 2938 1416 4978 3883 822 3559 1689 1774 4344 1037 4170 1766 1465 212 2822 3996
4967 1808 1041 2976 1128 4125 1331 3241 2131 1709 1855 2450 4263 1941 1194 831 1172 1069 4817 3053
4093 1837 2528 1726 3494 3678 2655 663 3936 799 2049 4256 938 4487 2074 3582 3607 2446 4263 4596
782 431 346 860 2782 233 2133 4994 188 1342 1889 1321 1381 1827 2178 847 3075 647 2675 3494
2558 3378 4017 4865 95 527 2139 4086 3674 1346 2102 3834 3081 2500 1848 114 2942 622 3383 4504
2312 2528 732 241 438 3774 1689 1667 4565 2191 3380 4873 558 1142 2501 1228 1083 4711 4407 324
2391 4621 3758 3126 885 1531 3169 1979 4375 2611 1667 4565 2191 2323 1748 1491 3852 1084 4094 1128
941 2415 3059 298 3053 3949 2344 3670 3106 4462 862 786 4276 4352 3852 2408 777 4033 4263 4342
4086 3521 3408 3806 4209 3987 3607 4357 3061 2191 2611 2579 2791 877 4765 4086 4737 2393 3674 1954
4681 438 4523 437 376 4676 4338 3162 13 4672 463 3588 233 3845 2699 30 1083 2191 3313 271
4270 1203 3769 4444 2472 895 3081 4862 2496 2905 1954 2139 971 4859 2376 1571 3670 886 2865 977
3954 1689 3811 4598 1416 2268 1234 3236 4381 439 350 123 3331 4394 3505 1040 2521 1004 844 1041
3908 4315 3670 1112 3994 497 3638 2873 3586 429 2221 3609 831 1465 4123 844 2642 2439 2482 2564
