3908 793 1881 3647 3670 2033 1004 1322 3465 293 2331 4817 688 986 2890 1397 4006 4313 708 1524
602 909 4731 2528 864 1041 3053 4529 1027 4649 2586 1306 1326 2788 4206 3241 474 2393 1561 637
3218 3045 4086 232 963 486 2727 704 558 1495 4285 3852 1767 1793 4140 2828 2146 2500 2393 3860
1069 2155 2954 2824 2854 4876 3019 180 1820 831 138 2317 1465 149 75 3147 3711 836 4086 1441
602 831 1679 114 3284 4490 1643 2298 685 182 3109 3301 201 3077 4668 4523 4369 4831 2935 2970
486 2408 688 2131 930 751 2090 1866 2552 4967 2408 1608 4313 827 3340 3053 4604 4678 3045 2642
602 4228 3177 2420 3384 3045 3401 3134 2435 2639 3758 2288 3505 2755 3827 2890 1891 1561 1247 1980
272 2779 269 1426 3670 441 2573 4877 4263 2438 1734 3608 41 2102 2788 1635 286 2131 1203 2030
3804 432 4926 2378 1531 4387 3958 2049 2220 4743 4829 4477 1913 2216 1172 2393 3806 1128 4817 3535
2505 1635 3456 4446 182 3965 4718 960 3756 3680 2139 1848 4855 3674 4144 1199 3739 2236 533 2061
1537 3727 1571 3806 2391 1667 3612 3949 1122 4935 2805 2993 850 2640 2824 4372 1126 2564 1566 2294
3130 2890 4757 2715 437 2244 2547 4144 1653 2191 0 1088 4525 595 3045 1088 4978 4168 4337 1582
251 2414 860 1328 4065 1970 865 3931 1199 732 1176 4307 2528 370 889 1681 1136 4239 2968 49
3212 3670 4487 3045 1286 226 1910 4908 2963 4786 2063 3809 4052 1487 2838 155 2414 2111 4913 4058
4093 4342 1511 4086 4976 622 1201 2030 2542 3583 3059 1150 1511 4086 3846 3408 3754 2525 2191 3081
1088 831 4738 3236 828 3236 1088 3852 4850 3146 4562 4565 570 269 280 501 704 812 4263 4076
4093 3756 3939 1005 2344 4670 4442 4406 3014 4342 4071 2320 4446 2450 11 30 4594 4711 3667 2420
2054 1537 704 4678 1565 3220 704 3502 1951 4444 4872 3804 2717 248 2119 1268 219 3851 3404 3647
3908 1709 1625 3081 804 2991 2155 2611 957 1667 4337 1128 2836 2294 1058 4313 2611 2457 2092 4387
3242 767 1192 405 1373 1321 3761 2788 1980 4358 3297 2822 4428 1182 1667 4352 4270 800 463 959
2962 1346 1069 165 500 2498 1697 125 1648 1064 4859 2191 2050 2450 2770 4840 2611 123 1957 4149
2191 4263 1868 4237 830 2006 1530 1132 1709 3457 3751 4123 4994 1076 4681 2131 4597 364 3563 2844
2178 2408 2393 850 1533 4230 2030 432 2579 871 4267 2699 4736 570 3613 3996 3502 3610 1426 1098
479 2238 1713 1622 3465 2945 3701 1088 1582 4668 956 104 2612 595 1830 273 4154 780 1751 3667
1067 45 2723 2118 1180 335 4319 3236 103 4263 4342 4855 3572 3408 1223 1749 4089 121 1223 3053
371 1788 1631 349 3148 1692 63 2600 3590 404 2178 3991 2139 1172 3139 4855 860 1253 704 2501
3760 2685 3241 3906 2104 1088 862 3211 2962 3845 507 4031 1494 59 2191 391 4594 947 4805 2191
602 4500 2030 437 2155 117 3494 3330 737 4357 2828 2119 1848 827 107 2292 2259 2802 2221 1487
161 4342 555 3306 2191 263 874 193 1667 3146 1364 1667 4928 2477 3212 1603 543 1346 2399 1088
1643 3196 2191 2611 374 3329 2203 4698 1980 3557 3053 2294 328 437 4378 836 3236 4523 3711 811
4093 3578 233 3196 766 985 780 1749 2408 4941 1912 979 811 868 4313 2611 267 821 4153 2529
437 1614 1731 2320 1775 2504 15 2827 3053 2476 4280 452 4333 3657 4231 3758 2061 3813 1087 3784
3465 3457 3126 28 4626 4379 1088 941 1503 981 1689 2504 593 4565 3934 46 474 1627 4994 2611
4817 366 4293 2788 4378 1622 4149 466 1203 4149 1726 3582 1980 4375 4123 4140 1627 1638 3415 761
3383 3494 4978 2030 4307 1622 1522 2176 3663 2844 2828 3401 1092 2922 4891 1234 2739 1622 1034 466
419 3437 535 2727 1813 1067 4531 412 3190 4098 3053 3053 432 2227 3310 4374 2246 1617 822 4378
4080 1774 1022 2611 466 1346 4776 751 1033 954 1034 1241 941 1213 2786 1088 3946 2611 2725 824
2065 1346 1328 1321 2391 3332 2687 1440 998 2611 4033 232 2351 1912 2820 258 71 4307 3546 2419
2082 2215 1862 1469 1364 2673 1667 4565 2854 2818 3813 1028 3313 1980 4681 1109 2818 4438 2315 2399
782 4398 4577 1342 3674 3651 3565 508 564 324 2075 2415 2450 2849 202 2504 2905 962 3001 4348
4604 4894 3265 817 1740 2779 4263 2761 1096 4594 1454 2132 3190 30 2191 2611 201 2611 3109 3944
4495 644 2874 2298 4855 2556 3494 3846 2298 749 2827 123 1098 258 112 11 3001 349 922 1830
1328 112 223 2772 3547 4664 2914 2450 3598 1088 3760 4751 2521 3939 2271 2963 2131 2696 1726 2775
2517 4263 254 2411 2191 3651 4897 3564 2993 4957 435 1700 3929 2191 3934 3936 981 2220 1088 4851
4899 971 2393 667 1532 437 3939 864 1913 3414 552 1418 3451 1142 1653 4027 4086 4097 1920 2755
2779 1345 4012 174 3908 2143 3813 365 4596 1126 3540 3133 737 30 3105 251 295 4449 486 4086
3670 1334 2951 871 1837 3906 166 2027 2922 2827 3939 1667 4565 4759 359 2789 4146 4398 450 2674
4759 3852 1766 4086 3774 405 2061 3553 2131 1549 3847 4214 1870 3181 3727 4536 3763 3589 1947 2865
3908 4873 1235 3958 4523 4437 1381 1748 2139 1040 2118 4676 704 4558 1210 3010 4307 4263 1859 3045
3760 2774 3190 4263 4000 3053 1203 2774 2564 4086 1969 2568 1571 4507 3769 794 3758 4058 15 1453
2640 3791 1368 4865 3769 123 1767 4670 4267 2315 4415 3218 452 3678 3647 2827 486 2164 4338 1852
2935 1635 4587 1507 4448 2200 1511 294 90 1375 3508 430 631 1553 593 1720 2701 4415 2922 4127
4500 691 4394 4276 1155 3521 2611 987 2756 1268 1848 2408 2611 1444 615 524 1062 237 2854 4543
2191 3031 4748 3991 977 3069 432 3505 4721 2450 2972 1324 2802 4357 436 165 232 201 215 1328
2935 3670 4446 2085 1627 2935 486 2408 4369 3979 2945 704 3181 1622 439 647 1465 4354 3611 1692
3404 4672 2818 864 2824 4012 2611 2166 1153 1325 3906 1088 1478 149 1913 2698 4621 1352 3711 248
2084 210 260 4446 4817 4751 3053 1494 1128 1864 3109 387 1794 885 615 4941 1588 2178 4398 956
4080 2290 3790 2818 3586 2611 4002 2298 1531 2584 2381 2074 868 379 3852 4076 2155 2611 4230 525
4086 1689 200 4829 3206 4111 4639 1220 2935 4438 4470 335 1627 2410 3454 2482 3297 2271 3059 4504
1083 3080 2922 2828 644 4263 237 704 4387 3711 285 260 4269 2611 223 2191 41 2922 1913 4459
1040 3813 4565 960 474 737 3019 3494 4974 1328 1349 271 2499 4149 1562 2895 1726 1627 1465 2414
3513 15 941 1155 4472 2849 4140 4342 4596 2512 941 3836 3908 2446 1726 1961 3607 4393 2897 4263
435 3312 2074 1610 747 4467 1136 4672 1784 2408 1328 704 1667 953 4166 1311 416 2541 1622 437
4093 1076 1454 4817 2611 3053 3053 2087 732 836 2391 3093 2611 2737 1351 102 2505 195 2294 2131
