3647 2678 2708 2767 3022 2399 128 747 811 4796 557 4404 3825 3638 2655 2139 3465 3663 1736 751
1235 2632 4531 2655 248 4515 2977 1653 1689 3102 4891 4855 4263 3962 2993 1470 4214 4398 3908 3465
3422 4086 3059 4378 860 3045 2707 2337 3813 2280 432 4411 4820 1625 4446 4012 535 4012 2528 372
2036 3743 1690 4670 4048 2779 4879 1076 2131 1980 3826 3731 4279 816 3992 2674 2238 1397 2150 940
4649 2611 3248 1364 1856 1041 2778 2528 260 1840 3073 2552 1088 2285 3683 3939 1652 3776 3236 2912
3162 2221 4510 3134 1812 2191 486 1567 895 3586 437 4859 3678 1457 4263 2689 1292 1818 2294 885
4999 2586 3384 2879 1121 2827 4123 2027 1961 1653 1401 1142 2717 2849 988 2119 3302 3723 520 3022
3933 437 3734 4378 4287 3989 2826 643 3364 3563 50 3525 3667 4891 166 1268 1346 3860 2246 4522
508 4497 3652 1128 2406 4543 3798 1821 4426 1328 4957 112 4575 2038 1338 1088 2920 3727 3115 1043
4565 2450 112 3186 232 1562 767 4052 2026 2167 248 3790 241 4264 3670 4446 1088 987 1929 2799
440 546 602 1098 3674 112 4267 2349 2082 469 4239 1088 4845 1627 2632 1234 3241 1421 4817 2391
3378 3053 4978 2171 181 1455 740 3600 4504 1242 2443 707 3401 3944 2905 1041 2922 4830 4906 3404
4360 2749 280 1864 4385 2778 4941 3408 582 1962 1627 3606 4224 3739 4480 2927 4885 2855 930 4551
2559 1101 673 1073 3806 2963 704 1991 275 1886 1155 868 4232 2111 1918 2992 2818 4079 2414 4394
4206 809 4438 103 1346 1784 344 3564 1531 2993 3276 3494 1158 2220 13 3228 2030 4415 3994 3586
3218 3720 571 2461 3045 4267 4581 3944 1857 1455 4818 665 3678 3977 977 831 4495 2556 3989 4086
3204 793 2338 4629 3295 1562 1837 595 2573 1076 4546 3186 4086 3879 831 3611 3852 2827 42 1308
1766 2139 2191 2611 296 4851 922 744 4415 3265 2133 2699 3408 1667 4694 4960 1494 922 2137 4563
2579 419 2666 1667 4859 3119 4415 4379 1793 3723 2611 831 1150 2696 831 783 1238 2196 2408 4372
708 2423 817 3771 105 3045 4891 474 2822 4263 4033 72 4865 1667 4565 2191 1199 2271 4511 1098
1943 3670 1966 4089 2139 1693 698 2609 4031 2482 2191 3411 3642 244 2760 3010 2866 4214 2640 1090
599 4565 4339 1731 2905 2638 4319 996 3252 988 2863 860 1600 3319 3045 3813 3463 1242 1969 4704
3658 1403 3247 3045 4000 2640 3053 4415 1750 4080 2558 3268 3242 2191 895 439 2747 2730 70 4086
1767 2521 1301 669 3907 2955 3243 2191 4480 4626 2564 2450 2246 3991 918 1622 2564 2822 2992 245
1192 3796 3001 3971 3183 738 4089 4154 15 1205 811 4211 1155 2527 3053 2031 3408 3332 2485 1354
432 3045 3289 4909 3908 3236 2860 1780 578 1321 3957 3186 1693 728 2220 520 1105 168 2813 4086
4259 1397 451 1113 3363 4246 3638 3383 245 1717 4014 559 2061 3858 452 4850 3939 4372 1556 474
3791 1506 3670 2826 543 1312 1234 2450 486 869 2074 4511 2586 4378 2191 116 2074 3623 4269 1992
806 1912 2030 1416 1531 3465 4906 2294 604 2498 4285 3940 1458 4771 2716 604 892 2605 896 2221
1643 435 3053 2031 4485 1726 3494 4590 3557 4446 2615 3908 2993 86 602 441 2459 1153 4249 3751
2481 3937 1970 1150 1311 4944 1667 748 3906 2001 1731 2642 1653 28 704 1507 2089 4168 2051 4285
157 3727 4626 229 3408 3611 2100 593 2611 1132 4394 4214 1088 4966 602 184 1719 2856 3711 2547
77 4517 2191 2261 4537 2012 941 4135 2585 182 3564 1328 132 1878 2611 271 1203 3146 3114 3773
559 2399 3754 3330 3967 2602 116 1970 4487 767 437 280 215 1870 4378 3908 1536 1033 1655 800
385 1679 4596 2564 990 2793 4911 2341 924 962 2993 125 4214 3908 960 3494 350 593 2642 1142
48 2203 1908 2191 3332 2139 4495 1112 486 2964 4478 3796 732 3980 3267 1484 558 388 4948 3817
175 2368 4042 602 1346 2031 2655 341 4851 1629 3917 3967 669 3758 3873 602 4915 2191 2701 2564
1191 1042 1667 431 437 1622 535 486 749 3252 4437 3586 1750 4933 3241 1913 4490 4379 4963 1288
720 4415 1648 3556 4880 2191 2450 4594 2530 2678 936 4896 1625 1486 2118 2031 3965 3236 4993 1376
1560 2828 2303 3906 4342 105 1011 1646 1088 640 443 1131 1663 761 2139 4565 1531 604 1401 2111
1550 3852 2922 1286 3465 862 4581 3938 399 2649 4147 2993 3101 1088 4873 4855 705 1139 4802 844
602 1579 704 4415 3205 2699 1077 474 2639 4855 3521 3236 4879 227 4855 1378 1805 2481 3670 450
2036 704 171 2611 1041 2429 4836 4114 2191 4394 693 2860 1469 4698 2719 2828 2586 2385 2074 2191
2934 1033 2477 598 4978 3965 1465 1655 2854 527 4480 3272 2474 4276 4664 464 119 2031 3053 1726
1172 3045 148 1203 1033 799 3635 771 1321 1046 1689 4668 2393 4998 3557 3709 1098 1141 3577 1106
1560 3045 49 4907 2482 2678 2450 2030 1726 1349 1864 2148 1139 978 257 2408 1909 381 4263 1945
4817 1041 2836 1784 1346 1041 3053 3053 1659 3372 2178 1537 4504 515 1076 1067 4125 2111 4149 2090
4850 4184 2611 131 3719 1088 3053 30 1590 1096 1150 2876 2090 3181 4548 1035 4969 4381 1749 2074
123 4978 3758 439 3553 4880 141 2922 41 1142 3958 112 1920 1626 564 2537 4425 1223 806 971
1203 2993 4307 4382 4603 4941 3607 112 2609 2139 4594 1689 817 2407 963 831 1335 2334 1140 4565
31 3053 864 1667 4855 816 4240 1087 2914 4504 437 3901 2838 123 4056 3291 1679 2827 2499 3453
3306 4759 2528 1196 2450 2708 1150 4153 296 4086 3936 3053 4707 1665 4338 1116 174 2430 4784 1627
864 2040 271 2528 3611 2782 625 4565 3980 102 4039 1508 831 4859 4204 4215 4263 2967 1609 4149
3363 3019 2344 2727 1659 2922 273 2266 2482 3189 733 2512 4851 3958 1172 2844 4333 4195 4086 2087
1643 704 1094 333 2271 3650 646 4553 2802 4656 1328 1178 1139 1076 3758 1107 3684 377 3908 3906
811 4218 3053 3126 2639 2854 2791 799 4415 4711 4594 121 2362 1791 3053 2640 918 3053 2467 3606
4940 3939 2399 3053 4338 3057 4716 506 1973 1509 4214 3760 2917 4670 2828 2368 4279 3852 3358 4313
1929 2481 4957 3045 378 3737 2802 1919 4855 4315 2611 2014 2216 260 770 2191 895 280 3756 1635
2779 3647 4252 1477 1465 202 3786 2872 1161 1539 4629 1068 1088 3420 4276 1697 77 490 3804 3248
4004 3689 1643 627 1242 2600 1627 1844 4707 3790 4588 2774 1294 4994 2042 908 1667 4086 3259 3939
4286 704 704 4289 3782 4994 4610 285 2074 323 1346 3790 3796 693 4263 3758 2392 1254 3846 3317
2084 1954 65 72 2727 1813 1740 2789 3796 1234 2435 4276 2257 4597 2689 3305 180 245 1344 828
1418 125 2030 1301 4847 987 3383 2393 2092 3383 3045 1766 4672 2851 3636 1837 4604 3962 4639 2139
2963 1235 4860 4541 882 2111 4342 2191 2611 301 4446 1308 4372 2828 817 3146 141 4711 20 704
