437 1942 227 3465 4773 3032 3580 3651 676 2838 3586 4865 1572 1695 4987 2555 1788 1083 232 2027
4259 2016 693 2164 1643 486 2528 443 1076 1069 2482 1748 1548 3243 3085 4948 4851 4805 1457 3217
3422 2856 2450 4740 4267 4086 1148 3583 4446 3053 1199 4089 604 3045 2642 441 2681 593 3494 2459
3946 1589 571 215 2446 1099 4672 602 3894 3236 1508 527 3053 2087 4827 4315 2611 466 3674 2090
992 3126 4086 1568 2611 1485 1093 4817 1395 1205 3987 1112 2496 3292 4052 1692 2573 3958 4218 1657
4565 1582 2800 4086 486 3707 4575 2815 1199 3580 3980 1088 1915 1757 3080 441 4855 4756 2074 4461
4999 837 1364 1993 42 722 1818 1011 2528 332 2238 3674 1559 3186 108 1627 2727 962 3557 3784
2640 1205 4994 1228 4205 4952 4962 4817 3273 4095 341 4417 2302 3670 2415 3944 88 4355 1112 102
3363 3224 3154 3401 1039 4446 3105 1653 3265 700 1726 1088 4872 3586 474 956 2216 1969 2642 156
1496 605 1379 3826 335 3411 924 2314 4748 4987 1622 4071 4575 562 3603 2399 1352 4989 3967 3187
3908 1140 2999 942 1240 2054 602 2257 3045 1458 4668 914 1199 4375 2863 3372 2924 2191 4259 2921
344 1676 3330 1132 4913 2610 2450 3554 3357 1398 270 2320 1375 1325 2727 1159 3053 4596 1301 2271
27 1731 1041 466 2191 559 2218 1840 2132 3332 4250 3690 4033 2320 227 895 3081 2566 3222 2500
2455 2408 15 4694 2049 4872 3380 4127 221 4338 3772 2378 1033 2520 2992 3072 4446 3611 2485 1568
2935 474 1194 4211 961 4350 3134 3311 2450 3790 2194 645 2892 3053 4775 1739 2529 490 2191 4035
4071 4398 3852 1766 3804 285 3045 4490 822 1686 3692 1346 4504 4851 2685 4086 59 3549 1184 2528
4759 1880 1984 2800 1088 102 776 977 1679 2731 1141 2854 527 4313 1155 3929 3689 535 2178 374
602 3546 15 4319 4580 3894 1311 1071 4802 3408 1325 2600 3790 2787 2298 2789 4490 1382 4829 122
3751 4415 439 3939 1622 4672 3332 4891 1667 1627 4369 862 4743 2513 1142 2139 462 710 4971 2521
4600 4816 1837 1465 4076 2678 2139 4978 3586 4358 3641 1371 260 3437 2462 3384 4670 3146 1689 22
2054 4102 3045 3139 2788 2611 4159 2472 435 4512 2893 3058 1627 1726 2642 2067 203 1528 285 2860
782 3045 2217 2393 2719 732 3670 4914 2329 1559 1667 748 777 4012 3059 4493 2428 4445 2827 4270
3363 2408 2391 3262 2139 392 4482 2220 3958 1011 550 1655 3142 123 2393 3530 112 4263 4478 1454
751 3252 3537 3670 441 3142 3415 1308 41 781 3241 2096 1465 1818 1679 2302 2191 1975 2305 41
3908 3252 2843 1800 4195 2315 4276 1709 2298 779 1749 4978 1653 723 2909 657 436 3589 3672 3053
1757 3651 1989 1469 4975 4970 708 3408 829 1748 3996 4800 3311 924 1913 505 1153 2548 3556 3843
4206 821 1762 3053 482 1825 3502 2178 4312 3786 2340 2250 2074 3045 315 3404 1731 4390 616 3314
602 3465 1127 3619 1293 831 704 2890 4209 708 2613 4987 1698 527 4314 2961 3647 397 3602 2935
1504 486 1954 3494 2408 2611 4664 830 812 4014 1113 3187 1211 1782 4737 1689 3383 2393 1698 4415
4206 3215 3583 4697 1525 4715 3409 1076 3100 3494 3241 1321 3674 2198 1375 3556 691 921 2905 1987
2935 1088 1011 1565 3727 3960 478 1574 3152 4649 312 501 2191 1203 4478 3081 2027 642 3790 2780
4270 4289 2586 776 1689 593 3496 2727 1234 1667 42 4239 1484 1349 294 260 3756 2500 98 4798
1072 3951 3496 3561 2727 4092 1627 3707 2176 4829 1401 2189 1717 602 2640 987 4525 3143 4543 1502
4855 4643 3670 3465 3269 1171 3996 2292 1277 3080 780 4529 3906 732 4342 3408 1323 3960 3670 4664
3023 4974 3465 821 4276 2640 1858 108 4042 433 3563 1956 3858 1178 4289 3022 4681 2440 1780 4426
4866 4994 671 740 4342 2271 4798 2139 2305 4681 1083 3872 4027 4086 2100 2844 698 1199 4987 4352
3230 1069 1264 4446 552 3159 562 4589 123 4478 2800 4670 1818 4338 3845 3845 296 2450 4263 4296
105 1698 4776 4672 1627 3671 595 782 4140 3906 4796 770 3525 3701 1346 1205 1556 2139 94 4836
1736 3852 3647 161 767 3366 2642 3628 1689 4477 3091 4565 2331 1325 3248 2118 1653 4313 813 1476
4286 3669 592 3494 2220 3743 4378 489 2217 3045 1005 204 3511 2611 3105 4530 2415 4446 527 1622
602 864 2913 1090 1862 914 2033 882 101 296 4575 181 2259 515 611 4338 761 2566 2016 4259
556 1439 4374 2294 3236 737 1157 4375 3236 3811 2818 669 2435 4321 2001 250 4891 4086 1088 2294
105 1820 4941 1845 2142 1918 4746 1689 3340 1453 1709 2030 4017 681 3843 989 2699 1301 501 4364
3768 3655 1005 2376 3241 2379 3852 3059 2191 486 3471 2176 1076 2903 4149 1159 364 595 214 3904
2191 2393 4607 608 335 3478 2288 1408 3525 1504 4379 15 1941 1310 2191 862 3316 4791 2507 3133
4097 3790 1784 1622 3053 486 3617 1142 2016 2149 1906 4144 2423 4716 1221 3222 3638 2318 3758 341
2818 1476 4880 3804 334 4350 3436 891 1203 3408 4957 831 767 4664 141 4419 4711 2294 2611 767
1235 464 148 1610 4003 3703 4698 1289 248 3193 2696 2639 3908 4142 3451 3703 2396 1796 2727 2611
218 431 4205 187 981 4800 2195 3556 734 3056 218 13 4702 4364 945 4791 2139 4027 2840 3582
4817 4501 4543 4290 3496 1041 4269 860 3133 1308 2903 112 2611 4941 3678 4209 2699 4289 4805 2191
3340 751 3053 2030 1199 4624 2337 3311 3521 4879 2012 602 2061 4737 1892 3790 1071 1155 2696 1098
3212 490 4307 1844 2323 1531 3142 2175 2087 1820 4686 828 3685 3606 4817 4401 3134 2499 3053 3683
1837 2528 3422 3242 772 3813 3607 1199 1885 482 1321 4947 3610 4338 486 2505 1855 2280 3357 4952
4779 3845 3465 136 1071 3678 4817 1726 3045 3607 486 1186 4477 2393 1076 704 1205 3242 4696 296
4637 2935 474 2268 850 4656 1851 3672 527 2905 4756 941 941 3742 3218 4634 669 2611 2949 4525
3262 1973 1625 3142 248 4075 1726 452 645 2131 3354 4711 3445 2652 3189 4743 2942 3908 2631 3710
3610 3022 1582 1655 2203 62 2302 3006 3241 831 2905 3525 3678 795 3057 2468 3206 4987 572 4827
3946 1835 2030 2178 1891 2288 4411 2528 1346 3705 24 2393 895 821 1610 1813 3682 1426 2529 2890
4086 3899 2749 3556 2180 4562 3053 831 202 1667 1321 2295 233 501 3751 761 1791 2029 4267 602
1235 2414 1709 1520 896 1005 3784 3984 2475 3453 1308 4465 3678 1265 4140 642 4252 1136 2344 793
175 340 4784 1793 3339 1476 3146 651 1550 4880 2191 2967 1987 32 2793 437 1426 704 1416 1530
3162 3494 174 4282 4745 2929 233 2038 2993 914 3252 3508 2777 2921 3944 201 50 356 4572 1599
3908 1311 1604 2802 3962 3670 335 2482 4080 1123 4725 957 3053 3080 2857 3994 1226 2455 735 895
2640 1223 3846 4270 2634 435 4009 1328 3729 4791 4042 2398 4872 4967 3053 2652 620 2249 2391 2611
