4295 3206 4967 2304 699 3252 4437 2639 4276 1083 2559 1648 3072 4714 2191 4800 704 4354 4467 182
2139 1317 1793 4892 2242 210 4295 850 1511 3293 3241 4315 2504 182 3760 576 2393 4394 2459 1476
3908 3019 2700 1653 2191 4010 1045 3045 2139 1655 3744 960 4296 885 3404 4891 3613 2385 3758 4798
3933 975 550 123 2962 1837 4829 3826 1885 1996 3478 3852 3053 2049 2786 3675 4798 233 3334 4033
4637 464 4458 508 4955 3196 3826 4840 2414 123 2133 30 227 4276 4739 2672 1804 233 1002 1469
3646 3839 2064 3672 2139 4623 3920 2075 2255 140 3457 1531 2521 121 2528 1556 2408 2602 1347 1572
3908 828 486 2408 2786 166 4089 2191 970 2294 162 3103 2611 3380 3236 1154 2209 4333 2079 3989
1701 1126 2385 4247 666 3845 4698 248 490 315 95 2805 688 1088 4480 4487 2805 4369 4086 645
602 1346 664 3045 4071 2298 4084 1927 1535 3635 2030 505 3908 4086 2357 4086 1681 747 3017 3236
4263 1571 2393 1150 1889 3032 3623 324 3826 2844 4086 2178 3811 2992 4859 1692 2708 2392 889 1308
4817 2391 3494 4352 4086 3059 3611 535 1891 1079 4670 2874 474 1345 4994 2077 3226 4214 4401 4559
1172 1788 816 3273 1199 3790 4784 2393 2175 1080 4891 1199 1622 3749 349 2914 2344 2674 2642 2089
1203 3525 3583 4438 4940 1531 4131 2109 3380 3586 1622 2993 4606 2824 3408 2290 2628 2309 1532 166
3908 3019 2139 2500 2294 602 1667 3236 4522 2964 1980 3908 437 4662 1088 1283 1622 3053 4877 2611
2195 2668 2074 1556 2420 1726 2049 4817 2886 1235 4496 2178 3494 271 4963 2133 2611 2205 1622 737
1788 1346 433 828 538 2789 1961 3384 3146 181 4076 1116 2786 1531 761 2436 4537 4658 1679 3053
3212 4263 799 809 593 739 3146 3938 42 3617 4056 1098 593 4478 4478 2774 4461 2298 841 2788
2481 740 1318 708 4859 2818 2986 3920 2063 4817 1328 4040 2824 977 4535 437 2079 2982 576 1154
4495 3586 3017 4355 1656 4798 4965 543 3525 2516 237 1530 2027 2178 223 1980 2661 4743 1088 3465
2426 4270 3317 4379 1336 3105 1522 4906 970 1011 4851 1432 2432 3045 15 232 4035 3236 432 3703
1643 3099 4315 3053 4604 4465 2471 3758 4342 4352 707 1147 3413 1293 3790 3685 4987 572 1342 2478
3496 4313 2787 3105 2089 3682 1328 3329 1007 1625 4446 1530 2450 788 4891 2802 3332 3031 3207 2446
1679 2932 3611 1622 3190 2139 879 1535 3878 772 1101 4798 4314 2391 3408 1232 2584 2922 4789 862
720 2030 3408 2881 237 4522 54 489 486 2972 363 3751 749 2962 4523 4198 2191 1346 2922 2828
486 667 1681 4714 2139 2682 3045 4537 1837 2176 4378 564 2406 1199 821 4877 1653 2393 811 2309
3813 3812 708 2050 1029 4267 1336 2499 3045 2907 305 1128 436 2139 3607 2178 3667 3408 2298 4851
486 3350 1126 83 3958 876 2074 800 4263 690 3853 3465 1097 3826 4756 2505 1689 2164 1711 1296
3212 704 3453 4379 4759 530 3269 4289 2513 4855 605 3053 3006 1158 4333 1996 3241 3894 3437 4791
3908 2498 4565 376 3514 1310 3871 4086 2611 987 4717 2854 1862 1631 2393 1264 1818 1648 4412 4772
218 693 4763 2865 2525 3505 1458 2102 2780 2889 720 1438 4851 2131 474 2079 2467 4987 4056 3513
1203 466 4131 4987 3600 1827 2344 3045 2938 3772 3670 2706 3600 1711 4125 2552 4094 4649 3958 4978
1203 1421 2191 1426 1568 2265 1041 4195 4565 119 2399 2111 291 4709 984 4195 4333 4071 3053 924
1203 4627 1962 1346 1969 2027 3751 3790 3608 4289 3670 3939 3525 304 1443 1627 1046 940 1349 4824
3847 4998 3053 1930 2642 1667 4565 2793 3599 77 2246 4511 4817 782 1695 2533 4542 3505 3739 1805
26 1561 1862 528 2505 2852 4071 2131 76 2901 3756 489 602 2469 2466 1537 3813 4289 1913 2613
1083 4515 4209 2611 2191 2611 2087 885 1531 2300 123 3586 1088 4551 4904 3332 683 3464 3748 1346
435 1219 4179 2110 2237 1762 3236 4381 1431 2063 3268 2484 1989 474 3489 4263 2967 4751 4629 2311
2478 4080 588 1223 2030 4626 3508 1511 2408 2611 1511 3241 341 2191 1490 3669 122 1194 2298 452
3363 860 3586 1041 3045 704 1550 4012 1083 4270 1679 4575 2658 2826 791 1740 2446 3754 1571 1852
272 2220 1196 3019 1818 4411 41 4851 1991 988 2083 1045 3535 3552 166 2907 1970 3769 599 437
3908 2139 2514 667 189 733 3494 157 4529 3421 1424 1582 1848 535 1780 4437 1906 942 1325 3811
4206 2133 4994 3540 4461 4762 1476 827 572 15 1000 816 3759 2802 339 1969 779 1653 258 2191
1069 1530 3330 1878 3081 48 4543 1653 1286 3553 2074 266 1172 1342 3674 2191 3670 4501 263 1627
2640 2528 532 1203 3408 3587 4949 3505 49 3652 4237 835 1667 3207 2178 379 1689 2496 1186 123
1291 3498 2735 2527 2828 4987 4017 749 3053 3348 72 4861 778 3134 4805 1429 1139 3582 273 1842
486 2528 2280 1556 2250 3102 1617 4881 192 2879 4851 4319 4287 2191 4000 595 4855 4035 4796 3131
980 3252 4287 3241 2089 2269 3401 1830 1017 3053 1818 15 2149 2530 2004 4011 811 3818 3054 2528
3437 2476 2915 2611 2089 3380 422 2399 4507 1426 2302 2191 4763 2505 3081 3863 669 3017 635 1788
2478 844 837 3826 102 4891 2137 2408 3612 1748 3276 2844 376 1012 1980 3053 3950 1632 1126 2735
3014 527 3908 4572 4855 4263 3741 1957 3944 4404 1529 4333 4328 3667 2476 3850 4572 2963 1837 3727
4482 1993 3758 1627 272 1837 1234 1000 3302 3053 2467 264 4551 4796 1326 818 4876 2221 2259 822
2935 1323 562 2890 893 3222 3623 3053 2596 602 1346 2504 811 1667 3053 3611 1648 3408 4543 3825
1844 3683 3339 1011 432 1537 4252 260 2704 2393 270 2528 4506 2640 136 2399 119 1074 3236 2246
1891 1788 1508 4338 4603 2552 3827 4876 3764 4134 2457 3851 599 1155 3667 2854 1088 4598 4267 1413
633 305 4855 2973 3341 4629 2213 4010 3991 0 1342 3253 3908 2111 30 1365 1454 2176 3172 258
4532 3943 1880 3451 573 1142 1864 1837 1494 1667 4859 2090 165 112 4551 2131 1464 2639 1581 3716
2505 2139 3892 1365 4838 3683 4626 1661 868 42 4086 2828 2839 3236 4563 2827 3670 3075 4757 2558
1643 2993 4446 2031 3181 1610 436 827 3965 4197 2674 2031 3053 1622 2429 266 486 4495 2822 3457
708 2482 4311 3583 1088 798 3483 1975 2530 885 1668 2446 1464 2137 1969 3908 4751 1338 1088 1980
486 4784 2474 4743 2481 1700 4751 3790 1655 3609 1695 3252 3607 3765 2993 2384 1041 574 3134 81
811 2611 4098 232 4252 2049 4880 3860 1147 995 2393 1172 3099 4718 4410 3356 3241 182 3045 315
2779 2504 3053 4694 3146 2599 4501 2323 1622 580 486 611 4205 1088 2920 3413 2030 3465 4033 3813
4817 510 2132 1791 1080 309 1980 3609 1528 562 3494 4263 1862 1239 3105 4802 180 4659 1973 1094
2481 4465 895 1980 1426 4304 127 2457 3366 1043 2733 41 4279 2759 437 216 4784 551 3332 572
