3908 2727 2131 4759 2323 2191 4438 3796 2111 1568 4838 1773 537 328 205 3327 1110 2007 761 1856
2735 3958 2124 2429 2305 4166 3149 2992 831 1076 2788 3751 2082 4041 4865 3775 521 2472 4774 4948
864 2895 3582 117 2653 4420 3906 593 3751 2615 3465 1708 2450 437 466 2213 599 2921 2191 271
2536 4241 4012 4209 535 1667 2993 2811 4914 4578 1561 3790 2826 1465 2074 1141 1223 4698 4087 550
2640 1192 4506 3332 732 2164 2528 4080 4314 4370 737 1067 978 2139 4817 3273 1289 570 0 2061
3847 3549 932 4084 1242 149 1328 2414 1840 3705 1821 3806 1502 698 3972 3001 2191 4727 57 4263
3404 4672 1494 1061 2611 3933 1692 437 1881 990 4342 501 2504 1067 1027 4598 941 28 2084 2321
3409 2912 1235 4375 166 1439 2414 1016 3061 2788 500 821 229 4987 728 2415 549 112 4310 3918
2257 1837 2528 4817 4575 1426 3241 2074 3409 4333 1417 2738 4565 1559 821 4880 4626 1565 3906 1088
4906 2240 3081 799 2938 1041 4428 2983 1054 2296 1072 2922 2453 2446 2528 647 474 226 3408 2826
4029 1076 3678 922 990 3053 1627 4798 2775 4267 4912 1967 2408 4757 1352 263 780 4672 3053 704
1913 787 3582 2027 3847 1609 119 2935 3236 1300 4891 4005 349 4686 1346 2642 1750 1622 3053 1659
2579 3050 2611 2854 4911 1980 638 2828 1465 3241 559 2408 2782 3996 960 770 1342 535 2271 2194
2110 4668 1572 2089 1342 3139 811 2826 2929 1891 1150 2865 4639 4903 2529 4778 3817 4230 3957 2118
1153 2774 4372 3790 3534 3908 2086 1622 466 602 2610 2922 2446 364 336 174 1249 4278 704 947
1913 3019 2848 1743 2177 4565 4987 2861 145 2308 1861 2394 3790 1692 4504 1749 1604 4012 3500 636
3674 3755 4487 2237 26 1643 850 685 1397 3295 2631 3790 2295 1825 2027 392 4851 2298 2936 3211
2089 2481 1199 4817 4370 1649 4822 4565 1689 2918 364 595 4993 4855 1766 4957 87 2215 3906 109
1914 4930 4523 4279 1088 2441 2404 4097 4745 3223 1891 3384 1616 4978 1689 3756 2191 2611 3934 3457
3401 1139 41 2238 3906 119 3717 3212 831 3678 4725 2031 4515 522 4282 4014 4415 3223 2786 2631
4033 686 2159 3109 2294 3246 602 1767 1653 3317 623 4789 315 182 2394 4256 4798 1294 2935 811
3404 2498 4596 2922 2639 1710 2430 125 704 1088 4512 1139 4382 151 1980 2528 1140 2063 572 2682
1066 2777 486 2903 2678 2528 3081 1666 1653 463 4125 1533 30 868 595 1418 3991 2031 3557 957
3019 713 28 1041 2499 3939 1609 978 1046 4209 2063 596 4586 3588 4817 193 2611 3891 2584 2922
782 1661 3638 1042 3557 4512 4012 3265 1891 1067 837 897 1098 1627 4076 4623 4978 1689 4086 4743
1643 667 438 4252 2594 3081 4952 3409 1667 4565 3525 3996 3558 4357 1556 947 1217 1556 2727 2611
2579 1788 4894 4319 4086 4086 2506 3053 1679 2302 3272 1346 3906 3273 1622 4623 3496 1311 4092 2815
1653 4086 1704 2922 2824 1348 3408 1522 1301 3562 1686 4670 831 4214 811 4860 2191 2168 4307 3530
1709 4877 4604 550 2683 397 397 4830 3045 4353 112 4076 4480 3272 3711 655 3053 2104 1268 3674
576 1851 2521 871 1689 3582 1205 704 2609 1316 4926 4904 2564 3241 3908 1007 2639 3556 3674 4041
486 2408 3845 1627 4855 1172 1726 3045 2450 4342 1375 1726 1511 148 2249 2949 2775 3094 1041 1864
2476 2922 2042 4670 82 2674 2814 879 4437 4259 2030 4205 2962 1311 3409 3052 3368 1234 3206 4417
1504 2408 3701 3852 2898 3081 4337 806 3751 3670 1627 2159 1565 3494 1502 4415 4672 2166 1131 376
1172 789 4139 1290 1682 2826 1346 2102 4330 4603 105 185 2402 3081 981 3559 2350 4963 1837 1969
505 4228 1397 1715 4289 2164 2049 2805 2935 1188 3264 3691 1309 3408 2042 1841 2037 1081 1610 3045
2498 938 3813 4239 4974 227 1550 3939 4891 3014 1511 1232 3836 599 4891 1159 4333 112 704 4289
106 2504 2611 3831 3045 1726 2854 3053 1948 2547 1083 2611 3908 4263 3337 2298 4502 3053 3811 1098
1993 3670 3414 4214 1183 2777 1136 1342 2414 4523 195 4805 3496 1830 2446 3939 4526 4255 3958 4378
3908 4140 1321 3230 1844 4805 50 2773 824 222 2387 2191 1286 125 474 4817 4408 3502 2905 2118
809 4357 4581 1235 77 4876 1067 2788 1395 3739 2220 3557 1667 4855 1205 1124 742 2262 868 1321
708 4829 2423 2191 4626 4465 4798 4089 2191 3209 4352 3852 4313 165 2298 4855 2922 2828 1078 2562
3908 490 704 486 4086 2786 2376 798 3607 1267 2335 2828 899 2505 4071 1941 4960 2988 3261 722
3946 2139 3034 862 2805 3053 2272 953 1346 988 799 2596 4575 437 3586 1069 2505 2264 1125 379
782 1126 2424 790 2570 525 1328 2447 4214 1582 2496 2238 4827 365 3053 2528 3554 1199 1588 1627
3330 4056 305 2922 1562 2290 4042 4381 1397 889 1164 1088 1789 3776 2294 2294 4865 1969 452 1910
4010 2918 3022 4817 1726 1041 2292 1000 2030 77 102 4743 286 3031 3408 862 2810 2191 1462 2220
272 1242 4708 2611 2699 4855 3840 4817 3022 1726 3852 2573 2450 437 3158 4058 4725 4565 2431 1990
4263 305 2922 2828 2763 3586 174 1041 4565 669 602 2547 3739 3887 2725 2613 2633 1088 3760 3751
4080 860 4449 824 4628 3611 42 2408 1625 4829 2890 704 4060 3081 2027 3033 4415 4342 2415 2139
3368 2786 2639 2810 2611 2298 2504 1155 850 1128 1864 1203 2860 2074 101 527 103 634 1667 4855
2579 1252 3586 2338 2611 3428 1346 1653 602 4337 1667 4118 2238 3035 4504 4214 3549 2191 2611 4560
2481 2826 4303 4604 1667 4565 3556 3674 560 2393 1199 2450 2037 1818 1667 620 3586 4817 2611 2136
726 3513 1784 1571 3263 4058 2921 2555 2727 1090 1881 2481 2450 365 2408 2998 2418 2074 1423 2344
4817 4908 3769 2781 704 2191 2513 3218 2922 4909 3743 112 88 2773 1784 2450 1088 2899 4389 4387
816 4994 2632 3283 1439 1182 2499 2092 3407 1124 4957 645 1349 1454 2719 3340 2259 2223 4891 3451
3154 2191 24 3670 3465 3605 401 379 3739 895 357 4376 4125 4698 917 280 2345 1667 748 535
602 2191 2611 1891 2191 1426 2828 2415 27 2091 1438 1622 2564 2956 1622 4993 2922 1820 4263 671
3908 2802 2031 2378 616 3563 602 2178 2136 1033 1531 2827 3439 2420 4252 892 4446 2334 1604 2191
1069 2408 3746 593 667 2191 2611 1932 4872 827 2564 2074 4276 4495 407 3574 1862 2074 2131 1041
3218 2719 3980 2276 4664 1128 879 3623 1689 3939 1726 4446 4622 2499 4891 1848 704 1088 2857 1848
844 1041 1098 3778 4515 2250 1453 4074 22 1872 2993 77 889 2513 4315 4960 2854 2320 4287 1417
2229 1098 1308 3534 2408 3900 1813 2468 1121 1556 2408 15 2631 2031 1627 1098 1199 3354 4352 4127
1608 2600 77 1572 704 3908 4123 665 4492 3527 4894 4074 1311 2818 2415 2913 737 4263 963 1583
602 1709 275 2458 2298 1417 1074 4333 2259 171 3449 3791 227 3820 2393 486 2498 3790 336 1767
