2132 758 433 398 1491 2824 3465 2376 751 4891 2302 4867 1782 2573 4097 1654 2860 3744 5 2063
4964 1864 2155 3332 4707 3073 1726 1088 4415 1844 455 1889 2408 1253 2489 1476 4784 3053 3053 280
112 4861 1131 2399 41 1550 4880 1024 1346 2238 945 1784 1088 240 1041 3589 1357 1248 2198 2399
486 3378 1556 535 4862 2802 2031 173 2633 4670 1590 559 4197 486 667 4480 1426 4798 405 4879
4773 4672 3946 4855 2611 2234 4207 3335 2394 1862 4973 4125 2410 2191 2050 1648 3654 3228 2501 1180
3212 4044 1194 4089 1061 4855 4773 525 767 1079 0 1837 2528 4241 4012 1522 1667 42 1947 3607
3647 1321 1993 3784 361 2146 3045 4412 2945 97 439 2195 2771 1002 602 4987 2905 1969 177 987
1328 4333 473 1864 2687 2318 1295 1083 2385 2271 4319 799 1645 4342 3306 602 1346 2922 339 4307
2935 1975 15 2849 91 3273 3818 2760 3758 1465 2124 809 2132 4694 2322 3906 2450 2408 4759 3678
602 2214 3230 3986 2191 4526 3670 3106 2057 433 863 778 804 3820 2074 4880 518 1071 2360 3960
3363 2191 720 2860 2030 4080 831 704 3598 635 2294 2126 232 2290 4461 1098 4860 3130 2122 3749
1242 2980 4382 4711 2533 3409 4979 4714 4598 2786 2302 4307 2390 4313 3670 181 3287 2595 2408 1550
562 0 4276 2133 2364 1529 320 28 4089 2030 4737 1844 2040 1233 4698 2220 1793 1439 981 3852
3162 4071 1851 4176 1381 443 87 4855 1108 4702 2566 49 1138 3556 2074 3133 1093 1363 2085 1851
2257 3961 437 3452 2891 3845 2592 4678 1361 3845 550 1837 4338 969 3483 2963 222 3378 1627 4369
1153 2408 708 437 364 364 3236 2399 3339 443 1522 1067 1907 3975 3571 2611 4670 2611 4543 2213
2137 4891 1109 2450 4891 4086 4449 2989 437 2963 1011 1039 3532 3045 437 1709 3072 2187 4270 337
3734 3855 1813 4926 3103 1627 3494 2696 2640 3790 2855 3053 3754 4149 1749 2459 1447 4297 2950 4535
2065 3131 4333 54 704 2074 2288 2737 3223 3678 4465 4086 618 1405 4098 1622 981 720 2061 155
4832 1235 1627 527 3727 1281 443 1155 4565 809 439 181 1565 275 3670 4487 3674 4246 1306 4502
602 981 3045 3045 4307 1418 1034 474 3494 2408 940 94 2476 1043 2886 2294 2131 3133 1532 4563
2788 3045 2402 960 3996 3081 1346 2898 2361 2946 123 4876 773 4140 1184 3161 4532 2945 1990 2838
2357 4141 4855 4985 4032 2320 341 486 4086 2828 4044 4978 3297 4911 3332 749 2027 2420 437 3390
4005 2528 2294 1317 2131 4893 3905 560 737 1825 2564 2408 2611 505 1653 1381 2379 852 3072 439
3363 4862 2264 1150 2195 1140 3134 4831 56 3241 2470 339 3683 1011 4185 2350 3958 4446 4342 3368
4613 4399 1126 1792 4941 2772 693 4523 659 602 441 704 1980 41 4598 4276 829 245 4394 68
3962 3401 3084 260 3471 4990 4817 3879 1622 2468 704 2914 2611 1726 1465 4580 1667 376 592 4855
478 839 4086 3252 4080 2302 3905 3860 2178 437 3437 3506 941 3240 2979 1726 2068 3899 4214 844
3760 4379 1413 3996 3502 1234 2790 354 3301 2827 2308 2246 1622 3958 761 1531 1531 1627 2090 2616
273 2302 1366 3530 165 3457 1322 1346 3053 1582 535 1766 1132 3855 611 1075 4512 4283 4442 1693
4010 3038 2807 3489 1045 3908 1126 1288 1371 486 2498 3408 806 2918 3586 4603 4690 4469 174 3856
770 1303 0 23 224 2218 2111 199 3542 4851 102 4814 2298 995 155 4311 2294 2767 1081 273
4540 1726 1689 705 3508 2394 4963 2408 4469 2 4678 216 2191 3996 3611 2426 20 4775 3557 2065
4978 3623 2825 4978 2786 4211 869 2946 4319 4086 2780 984 3053 1962 1051 969 41 13 4478 1088
3908 1041 2558 605 605 4602 486 1750 1601 2467 2786 104 2246 4772 2640 1203 3408 3408 4858 2778
4948 3054 56 2191 1681 488 155 708 1139 732 4033 4784 2761 3053 1818 3818 2768 4854 1627 2221
1532 275 4131 1709 1128 2906 203 1655 1692 4314 3053 4849 2922 4442 4333 3991 1679 3749 1129 2271
2459 3102 2090 4541 4635 1679 2298 885 1582 2611 1303 498 4276 4012 2700 862 4177 4086 2211 1367
3224 3019 4878 2611 2092 1601 1191 2078 3769 2327 3106 108 572 1097 141 2922 508 4149 177 1309
3009 3001 4438 522 4417 799 4357 1126 864 4304 4033 737 167 720 1069 3053 4149 4784 3190 2074
1175 1097 986 1537 2827 491 2698 1784 3031 4149 343 2922 1248 4080 4615 429 4366 2890 3761 2007
4071 1140 212 2378 305 3858 1427 986 530 1823 1692 3218 4576 4218 4314 3053 466 1457 232 4307
3847 3218 3751 4427 3446 3045 474 3482 2972 2827 527 2905 1328 2611 704 107 4908 1088 813 2393
441 2521 4994 3053 1906 2439 3505 1741 4086 1667 3813 4205 1166 1734 2922 116 3312 4877 2191 895
1075 4709 4487 3045 1918 1689 1538 752 571 2905 3751 2611 1029 1533 3252 2760 4494 4865 4836 3045
2992 2176 4276 1709 2388 4338 2963 2118 4678 2742 2922 2238 1739 1098 3110 1667 8 30 4086 1571
251 1328 4504 2280 4205 3404 2918 4650 1057 3996 562 562 4610 4590 1962 2764 343 3053 2393 2089
831 2450 4967 2030 4287 4987 4252 1116 1136 3494 3790 388 4080 3858 2102 1627 3946 3958 2410 821
543 1698 1098 1194 491 2913 3254 1088 2191 3996 821 2929 343 4653 3906 166 3045 1622 1337 112
3414 3685 2673 3938 1913 1088 4933 62 2450 1604 2640 1514 2052 2176 4933 195 3053 3022 922 2238
1653 4716 4616 3448 1318 1582 4720 4184 3293 4149 2450 2131 4307 3670 4344 325 474 1128 1203 3939
3908 868 3771 3053 1326 1458 740 706 570 4913 1941 1328 4836 4283 340 2482 1369 422 4638 2030
3908 278 1041 2755 3682 2294 787 1076 1765 1655 1569 799 3577 2216 4352 4352 3678 3806 3053 3811
3908 3019 387 2505 3272 758 1127 4072 1715 185 112 3019 2408 4270 4815 1328 341 1792 4817 1041
1153 988 2414 2393 4847 3958 1677 1076 3760 688 3208 2963 704 1604 3053 2315 3751 2611 4089 2667
1235 1217 123 3018 2268 1506 2393 3082 2113 240 4080 4503 3906 1582 1108 4352 2087 2074 2191 1561
3674 3539 4086 2922 4184 1083 2435 1373 4276 364 4740 3053 4315 2884 341 2553 474 3133 2756 4682
970 4446 4992 3828 1432 1891 1891 4987 119 2993 2415 466 3847 4263 3452 2074 2074 975 2049 2298
3404 4490 1083 3058 4429 4263 3751 2917 1047 3453 296 4383 366 2195 439 2049 1132 1324 437 4891
834 2191 1041 4316 2814 3366 684 3892 1655 65 2191 4596 737 2280 2246 4891 4437 2191 2450 1349
2935 3001 2176 436 4594 745 1041 1891 2334 4855 3564 2922 4957 868 4415 4394 3739 1532 535 596
3437 2133 2854 1151 962 117 2378 1140 215 4094 4960 2027 1051 3252 3674 4743 1439 2623 1088 2176
3908 960 770 2369 1088 254 35 2926 4668 3908 1157 3221 15 4586 2089 773 2323 0 1174 1530
4086 1126 2049 771 1861 4515 4565 1931 2220 4154 323 4089 821 2325 1622 1455 2998 1005 2139 3989
