2191 1203 3870 4270 925 3239 280 102 4330 1321 4446 618 373 2446 3408 3572 3045 4817 4056 3105
766 4578 1507 1494 271 3927 2238 2890 1083 550 42 988 452 3939 4836 3944 3228 3958 2929 704
3946 4086 2699 2611 3556 3623 3823 2789 501 4590 182 2922 3557 2320 223 1701 2399 3219 2191 2227
1511 2016 450 4891 2113 3595 1454 2944 1217 1928 4791 3218 148 431 3496 1426 3409 77 466 3045
1653 3013 1426 4699 3607 1088 1214 3223 3586 1842 1622 669 595 3790 3053 2897 3388 1788 2191 602
1354 3547 1088 623 595 4279 41 599 4829 1012 3252 3019 704 1582 1794 4093 4262 2176 4960 2897
3908 3019 4246 1818 4342 549 2777 698 4212 2644 4105 2298 2408 1011 341 349 965 2775 1689 831
1067 435 864 3982 1402 1346 4913 2836 3682 376 2611 3311 3053 2090 132 315 41 2584 4504 3080
2890 4855 4263 4342 4963 2030 1643 2176 437 4987 3973 1885 4759 1749 885 1306 174 1178 4891 2827
2890 1608 4144 3769 2136 4191 820 1791 3912 335 1840 3072 761 1126 2611 392 3053 682 1141 1827
3954 1227 4565 3939 535 2920 2391 3583 13 3855 2450 618 1136 2854 1582 1283 437 4859 1363 2087
3212 363 4379 2276 3813 3659 2611 1667 1321 4080 1404 3760 2294 2447 4879 4076 1098 4802 3465 4083
4259 2031 3053 3053 3053 3811 3820 3388 3376 4855 2139 3989 1997 4591 2131 474 490 437 4891 704
3530 1147 2408 3740 1311 1572 2963 205 1913 3739 4523 2600 4562 4123 75 2414 1711 1465 3311 91
3357 463 587 4731 2368 233 1454 2775 2723 694 132 2639 3022 3212 3632 2408 3045 3670 669 4677
602 2890 2610 3242 2717 3208 1328 381 1627 3169 2890 3276 2280 1508 2302 28 4616 4891 2030 3418
2722 78 2298 218 4736 3069 583 1463 1296 1676 1588 105 3734 1532 4342 1308 1486 4565 375 2495
1066 2309 2760 776 3959 3913 4604 1328 4872 2611 3311 558 2191 978 41 2788 1067 419 1342 357
2155 1328 4512 3855 3610 4012 3521 1689 535 2552 4596 3053 233 862 1951 3678 3127 1622 4594 1837
3826 3448 2481 323 1667 2322 809 4827 4417 4504 3906 2812 1891 1052 4128 593 1975 4032 283 2505
4442 3853 3389 3559 4209 4565 4338 335 4415 75 4676 4184 1321 3032 2828 2913 4604 4928 101 2102
3908 3019 505 4209 704 4289 4168 4855 2031 1083 1692 4725 1991 275 1321 3212 3045 3654 889 1653
2579 3420 558 4086 2788 1537 1842 1653 2074 4378 4565 1622 732 4485 2613 1322 3790 1130 3045 1690
94 1024 3556 1582 2476 3079 945 4012 296 1030 4478 4033 2935 4964 4493 4873 4076 3852 203 4333
1150 3670 3756 2837 3758 3293 3053 3241 732 2520 242 1253 3710 4313 437 4577 4432 1298 3586 1311
3363 1194 1147 2849 2298 1320 2993 2191 1572 2139 3892 4289 2472 2320 4565 151 2752 4355 1711 1993
602 1253 4263 3415 4957 645 439 3934 1622 3906 3958 1891 1176 3495 1659 2706 2450 661 3439 4703
1736 1872 1561 4668 2298 2922 2042 1469 3632 437 2761 941 3939 1230 2191 1296 4324 2404 4941 3756
645 4967 4263 2439 1847 4264 2131 3674 767 2504 3109 3167 403 1310 3850 2401 3134 4802 4548 1088
4500 2062 2756 3908 4924 2890 3053 2388 3053 3022 3198 2964 2030 1203 2769 1660 18 4827 1199 2542
1140 3557 1674 742 1367 1980 3357 1142 28 2364 4855 3252 3894 4065 2087 1242 4747 2544 1891 3267
4263 1864 3813 4086 3496 3683 1234 1405 112 1913 3252 293 987 2408 4860 2191 227 569 2621 2810
2478 2498 1012 1139 2566 405 2030 4933 3071 960 3967 1791 4283 3390 3639 3581 4105 3448 3632 4471
2415 543 4814 1667 885 3806 237 1784 435 1993 2443 3415 4342 4338 3081 4544 1098 4465 4086 2611
4086 4602 2450 3790 779 1088 123 3651 2042 4670 2244 1556 4894 4368 3209 3960 3827 1346 716 1041
1172 789 1994 4830 2838 489 2889 491 436 1365 84 2789 3322 1226 2297 3771 3840 1818 3186 2435
4206 4348 2972 2827 1308 749 2139 1098 603 1310 336 4820 2399 636 248 3228 2238 1194 4598 3586
4058 2528 4607 4115 740 2414 492 3651 1988 2213 1142 4729 4504 429 4865 1531 3678 4668 3557 296
2191 2323 2602 2191 1040 2164 4919 2176 2698 4586 2564 951 4342 1653 4140 3727 488 2629 4913 1644
3212 726 934 4435 2079 3718 4110 4175 3281 4406 1301 2504 3053 938 1692 287 4446 1332 4478 3547
441 2812 3647 1635 2989 602 1504 1692 3749 4263 715 3982 3148 4877 1439 3926 2723 817 4231 2890
4962 2655 4839 600 2682 3421 3236 3208 3796 786 4086 3566 4065 2255 1199 2111 2180 436 4698 1626
4286 4044 4978 3525 3670 469 3475 4559 2294 2790 2428 1321 2135 4843 202 3908 990 3212 2348 960
2146 4080 4668 2435 2298 645 2131 3408 4252 30 4149 440 4876 876 3724 2914 2408 3749 2528 3751
4071 1324 3958 1172 2139 2639 2865 595 2414 1147 2753 1625 3996 821 4387 879 549 4287 1047 291
1757 4000 879 1205 4379 309 4352 4475 3502 4736 4314 2499 2323 599 4205 558 2360 1830 4699 2560
2089 2828 3878 4836 3846 2676 3561 4993 704 4970 3096 2271 669 170 1880 269 1282 2760 3965 2482
497 4861 13 4415 4342 3670 3045 4446 2336 2271 3586 2414 667 95 2191 1088 1687 4097 1627 363
4506 1418 2935 2777 2271 1318 817 1142 305 3860 3670 3756 4817 354 3643 2598 2347 3860 2611 334
3363 1880 4197 2504 2111 1853 364 4342 4076 2139 1235 3287 2057 486 1345 4623 1306 2074 3586 4880
2779 1228 3678 3670 3094 1150 1413 4501 3751 404 7 4289 2357 2135 4068 2399 4668 940 3982 1484
4093 3927 2399 1692 956 2844 2030 3242 1354 1925 3401 2828 869 1572 1985 4848 1941 3022 2191 3023
4144 3053 2272 474 4086 357 2687 1519 4817 3273 270 4691 4891 3610 2131 3531 4711 2865 271 4011
341 4270 2909 965 4425 1840 979 1465 3790 4333 3830 3146 2935 3243 824 4149 123 1627 4446 2031
3212 4247 3727 3262 3597 4093 918 2977 3965 3674 1112 1811 4772 1653 2087 3408 4511 87 474 4768
602 1346 704 704 3682 1030 4313 2139 1709 181 821 272 2854 4352 862 2611 4098 3223 4934 2031
860 1089 3653 3057 3865 3729 107 2689 2611 2410 4668 2696 2555 1653 2085 1306 3039 3813 4263 1089
353 4923 2788 708 941 4415 2031 2137 2360 2238 2191 602 4076 1022 4523 1455 3481 1886 4532 2255
559 2033 2514 4941 953 1397 647 3154 2649 3866 3105 4972 2814 3236 2408 1363 4305 4157 4276 1709
4781 4279 4086 963 1088 2900 4401 1837 1969 387 4876 4263 2393 2315 4877 107 1663 2191 438 2394
1561 4081 1864 2993 2191 415 2221 1653 1667 2963 1689 2408 3586 4756 3236 1205 4415 4993 3494 1535
4759 2747 125 678 3678 2435 474 3557 4798 2609 4012 2243 3813 3561 3912 1590 2337 4906 0 780
3760 4249 770 4605 3369 1181 84 3451 437 4378 3553 1083 4904 1992 3496 2723 4838 1530 1582 101
2137 4296 474 4976 602 232 102 286 1230 3723 391 4307 2414 49 3670 4446 2450 4941 2308 1287
