4210 127 2698 4855 13 1661 4855 535 2393 3330 476 322 956 3757 2235 3908 3670 4095 1022 3833
2155 4685 391 2038 1055 446 4276 3989 2147 3181 2503 3772 761 3167 25 3751 2477 357 751 283
3444 2633 799 4328 1465 2155 1708 2945 806 2271 2435 2139 4206 821 4771 4547 2031 1632 4709 1427
1726 1667 879 3564 1726 3982 2179 1235 2320 1482 1793 4666 4239 4824 4350 2632 2632 1507 1556 4122
2818 218 1208 1346 365 1005 4382 4769 1002 1556 3106 4486 2172 1970 669 2221 3990 2770 62 938
2478 3670 212 2217 4512 3004 3959 4259 2898 312 4876 3557 2642 1088 1004 2252 4543 1726 3912 435
1808 2435 1127 2802 4078 4415 1418 2426 1689 1208 4058 2727 3674 3483 4800 1097 2213 4240 4312 1897
1757 1252 3258 3608 672 3240 167 4936 1610 2642 3159 2726 3813 2188 2717 836 1648 1324 4446 273
1709 1150 2211 932 2128 1346 4415 1907 2585 3469 2450 1421 693 4891 2131 1574 1155 3383 3852 2015
2905 3541 291 4144 4082 1386 3323 1041 2191 2849 3220 2632 1194 1594 683 2191 4411 3441 1426 4702
2566 3494 2074 602 2031 1709 2991 3541 3680 1343 1692 4404 4214 4598 535 3765 1335 4855 1980 364
4747 91 3181 3427 3586 4983 4628 3134 41 4597 2312 944 596 2539 3457 522 3573 2014 988 4668
4855 3574 2500 3421 4873 2747 657 1346 1226 559 1366 773 3968 283 4906 2256 4565 4000 4891 3236
4270 3933 72 2320 2191 4313 4975 3626 868 1666 1556 3920 3772 136 257 4263 1870 4027 3400 1112
4446 4087 2294 2446 1847 3457 615 107 4179 1346 2950 1969 2863 2057 1679 822 1324 646 2836 386
186 3962 3908 2068 123 2640 3927 2265 1129 387 947 4327 3061 665 2927 1818 2139 1659 2132 1812
2977 2640 1511 2564 1643 4594 4737 2449 4702 4393 3053 1721 962 15 3566 3045 3220 1797 1774 335
2717 1140 1851 4247 2115 3813 618 595 3996 2368 2074 1813 4123 3994 4624 3340 3053 3014 3211 2579
4495 2600 837 486 816 4032 1046 4333 4515 1375 4094 3148 102 251 2610 3674 552 3072 3674 4255
3800 2179 3935 4605 2641 2839 2698 3306 593 4899 3773 175 4415 3996 280 522 405 4387 2712 3831
3162 4270 1155 4941 4594 4012 4934 4012 602 1653 3847 1368 704 98 3262 3758 2086 2462 4597 3612
1328 3218 767 123 2941 1426 4263 4861 738 3891 2529 1973 4173 4824 2597 4672 3228 4214 4342 2030
439 174 10 1130 3223 1286 4086 2566 2590 2837 378 782 4353 3873 781 2828 2061 2376 2634 4668
1083 232 357 486 2528 2640 1205 4629 2874 3147 431 4287 3651 917 4012 4270 542 2347 4379 1506
938 1266 4777 2391 3691 953 2190 3054 1088 1891 505 105 2308 1839 335 3378 4615 2040 108 1808
349 1328 3200 4080 4639 4555 4318 4342 2481 1992 4639 3758 4896 3414 3678 1454 2059 1277 3053 2298
1709 4480 602 3262 1582 726 1058 4897 2824 4012 2533 4848 3586 2737 3082 1751 3820 4248 2526 3632
3530 4891 2640 454 2613 3481 3496 2935 3408 4604 2977 3241 1495 780 1804 1569 749 1346 1413 4319
1757 1041 4987 404 4089 4221 4994 3449 613 1775 2187 2263 1342 2528 3436 1627 1536 4401 895 2564
4667 1232 3994 4333 3053 1205 505 4611 4664 2611 1862 4214 1494 3505 3505 1452 2347 4817 2132 975
394 4263 2508 4498 1653 2408 2408 3420 4062 2521 4276 195 251 3242 583 885 2300 4802 3549 498
4206 829 2441 821 3851 965 4615 2856 254 4944 1641 1648 1653 2369 474 381 1674 1653 1199 226
2430 3394 1520 177 2111 2082 397 501 760 4859 376 1041 4985 1357 1364 4378 760 2701 4861 2788
4495 3183 312 1918 3498 938 4458 1087 2314 4851 1622 1142 4352 1155 4256 1203 535 528 2786 1969
4259 678 2489 3765 788 4965 2821 2171 2787 3556 1174 1239 1494 366 397 3465 2027 356 4572 4890
3222 4977 44 4802 486 3548 2579 1373 3813 593 1789 2968 885 3330 2879 1026 123 385 829 166
2150 3795 90 4784 610 1041 1627 4860 1621 174 1627 4478 3331 4416 4288 690 2854 732 1635 1563
2498 2030 3824 1692 526 3936 3408 4526 1089 2320 2633 2854 2767 988 3494 4296 439 3804 732 2357
3847 125 1368 3140 793 2529 2611 466 3860 2779 1484 593 2642 3222 4877 3958 2922 672 3236 4993
161 4185 4999 4125 1502 4058 3187 333 2822 1243 593 1088 3918 315 4430 1913 4314 4718 453 4609
2629 132 360 2072 1232 3738 2187 1321 112 2649 2611 2699 827 4670 4639 3353 4338 9 620 4086
4717 3923 528 2764 2298 2946 4751 2526 622 3902 1605 2251 2590 2679 2748 1726 2208 4487 828 1203
3230 4565 2191 4914 4485 3727 1373 3659 3689 1627 3546 2074 2074 4086 1473 181 2903 3053 2482 3806
2075 2600 1040 138 919 4086 1533 651 443 1178 2498 4737 543 3183 520 4776 1588 451 2736 2348
4930 3053 4933 1572 59 2450 3588 1993 4879 611 3153 2074 3675 774 3494 485 3496 925 1627 4267
105 2738 708 4844 2559 4678 2857 112 3289 2782 1528 3586 2349 41 4131 301 3556 4086 1264 1428
3224 2664 2450 2131 558 2471 3011 1098 105 2220 1692 1041 3366 941 193 4058 1891 4923 4670 1267
895 4605 4095 3341 2029 3582 2450 1877 3444 1248 486 1432 72 4994 3491 1199 2024 1459 683 806
3908 692 4517 125 4879 692 3938 2399 1229 4908 4127 3991 4637 4672 4978 2042 3546 105 1033 1625
3357 1125 2611 3053 2652 1818 1840 4148 4027 4080 2294 166 3437 771 957 1980 4315 1364 4364 2000
1653 1101 1804 4817 720 4393 1336 2930 3105 2681 3289 1917 4147 1847 2667 685 2533 1232 3996 847
4500 4224 630 2402 2408 1294 3494 1630 443 3175 3588 3161 4891 3588 1418 1743 535 1426 1947 1253
4206 2139 602 1296 4906 3236 4214 1128 4214 1390 2566 443 1041 3187 918 4415 1914 659 2912 1667
1951 4086 505 4542 1954 831 1891 3790 2726 4860 2827 4870 4507 0 885 2139 1083 4378 535 2391
3908 1973 3505 394 1726 3670 1150 42 2222 415 3019 2528 1813 3408 4737 2640 3241 2030 2505 925
2168 376 1702 4018 1726 4957 3747 4080 2351 3242 1915 2090 4249 3736 2701 457 823 1801 552 4817
1833 3670 2309 3993 2399 1734 588 3502 275 1648 1011 3968 3683 847 1550 2594 2849 1911 2560 3611
3513 1627 535 1041 4798 3586 3831 2922 4287 791 2191 1199 1861 1582 2699 486 809 4865 1336 3833
2818 1187 0 2778 2573 482 3958 3045 15 3899 2611 2699 1413 2213 473 1656 691 4817 1337 422
4259 1861 3409 3362 4293 90 3749 232 1604 4784 4209 4131 2408 2448 4106 4970 1667 4365 4480 2414
3306 3130 1951 419 1704 2611 1241 4596 2521 1791 956 1906 4218 1504 603 3670 2415 963 2031 602
816 716 2453 4313 425 4270 2036 4291 779 3747 1667 4094 2255 3225 4542 105 4736 4086 2849 661
2593 1849 1619 4495 887 4850 1116 1027 1346 3306 2663 3944 3072 2877 1040 3611 240 2191 2489 4649
1066 1977 4500 2456 1275 2564 1465 2030 3408 486 4086 1970 441 3830 3773 1310 4287 3946 3608 2993
