2919 2884 1748 918 131 1659 2176 3332 2984 3578 965 932 3701 3996 229 1434 4291 688 3408 1980
4252 914 3080 149 821 688 2774 1214 2912 430 193 3020 374 2477 986 2152 2827 3262 3685 3302
602 2514 4908 376 3586 932 2611 2305 1507 1622 806 3471 614 4010 1951 3230 2557 1083 3246 682
2992 2404 704 2558 1635 1858 3771 2727 1734 233 2815 2496 2222 4089 964 2408 4597 511 3053 3215
4287 4728 1469 4240 3370 2031 2208 157 574 2314 2854 2406 185 1049 4556 2914 4086 2802 2611 2788
2818 3341 439 914 4993 3678 1906 831 3568 4791 4619 2220 3967 4433 1902 2798 2699 1156 2528 4442
3908 4891 4446 535 2415 4394 3962 3279 2147 4079 1382 1295 1047 2974 704 704 2191 3996 4276 3054
946 2139 3223 1648 2950 1635 4582 407 3087 2205 4333 1793 868 1579 4891 2779 885 2889 1511 1338
3946 3831 349 583 4594 3745 2049 2945 1199 2450 1782 2531 2780 2600 2667 918 3882 4255 4523 4097
3938 1306 4076 2993 76 4163 2266 2437 1658 4941 405 298 2840 3167 4872 2302 228 831 3743 3352
2921 3508 4771 4798 1665 232 3339 1368 1469 4230 2164 2666 2294 4626 1726 1487 4855 3710 4218 42
175 2922 3980 4140 3209 4532 1045 896 1296 3133 3311 1514 1320 3187 2191 726 4780 1622 535 3053
2036 1012 1194 405 376 2268 1294 2612 4707 4827 4896 2860 2074 4276 4134 1312 3211 1582 4289 981
4619 4962 2817 2791 4052 404 1395 3745 1508 349 3041 1627 3196 4307 4530 1837 2468 1252 2786 4604
986 821 1848 474 4891 25 2498 4399 4157 4457 3683 4071 4076 2238 4604 2793 2827 4205 4263 41
782 2823 232 1431 4486 3531 4670 4832 1426 722 227 1344 2349 593 4827 1419 2198 4941 4239 1005
117 4877 4214 2774 3281 3140 1655 2814 3765 2131 1552 145 4571 2131 4773 271 715 2945 42 242
1397 1532 924 1701 3599 1973 1984 425 3446 3756 341 3327 1346 3982 842 2722 1335 639 704 3076
2955 3109 2667 3707 4573 4831 4928 3092 3608 749 520 1382 1576 1083 4642 2755 704 1112 821 2290
4980 439 116 3181 3038 4810 2049 466 1962 2053 1622 4342 4596 4471 2540 1619 1704 1609 3053 2030
2733 1193 3962 1861 188 2611 3626 985 3367 4499 3659 917 3226 1627 868 4040 1142 4176 227 675
1066 577 1996 2482 4205 4372 1771 2232 2638 673 813 113 3729 1265 2294 803 1891 3856 1418 4086
1416 4962 1497 3796 2059 4378 2799 1823 391 2139 4092 2308 399 2170 685 3765 452 704 2374 4279
1844 2155 1886 795 2409 443 4817 4512 4210 2844 1844 1321 2855 2572 3218 605 2764 3236 3022 831
2036 2191 3751 490 3302 3760 1234 2489 1234 486 437 4649 4333 3869 1213 2642 3465 4881 4398 3619
3674 379 3981 2009 3852 2611 223 4290 4092 934 3002 1689 3045 2838 3707 216 4678 1510 2935 667
4093 3906 55 1761 1830 2642 1069 437 3304 2041 5 2922 4891 4417 3388 3223 2450 2553 3858 2150
4773 1346 2397 2482 2255 882 4565 3582 3652 4717 4707 437 1243 2479 4442 306 1207 1731 1667 264
3363 4602 4891 24 2856 4693 4382 2293 4452 306 324 559 3611 1063 2834 4033 2727 2528 2828 4840
3603 4270 125 557 2360 4827 2271 2414 2157 618 1088 744 2149 3751 889 2045 1263 3508 2542 1041
1660 2676 4855 4987 987 1686 222 3223 4331 2904 1039 248 4411 2615 2566 3617 1299 1610 2394 3767
130 1531 3927 4495 2300 3236 3760 640 443 4393 1495 4465 2805 593 1346 4537 4307 2408 1337 1214
816 602 2261 2290 4891 2074 704 4865 3574 121 379 4776 842 4438 227 1562 2954 1140 4798 1645
4504 3816 3241 3451 2191 2072 3683 898 4778 3040 4784 2191 1537 26 1128 2699 2541 2674 3053 95
1830 1991 4344 3930 4214 977 2295 4078 2687 2761 2678 2678 4263 356 4702 2748 4012 704 1889 2061
671 1568 143 139 2092 3341 4011 4482 1889 3965 1969 2611 105 4668 4415 2302 2176 2640 3852 2280
3946 2739 4668 296 895 821 1782 2971 3378 2701 4923 2700 1632 1599 2827 4303 1069 1531 3072 4127
1942 3617 75 1667 88 3045 1321 1069 1643 3530 1241 202 3968 3746 4543 4906 421 1234 1751 31
1454 181 2303 463 1556 3241 1861 2415 4522 4565 4415 1627 4784 522 4498 2074 1621 917 1041 831
2826 2905 4865 4333 90 2611 4850 2446 4032 2600 3557 1153 4333 3670 4094 1219 2412 1188 3024 1962
811 1757 2611 4606 3451 3527 4127 3952 556 104 3378 2079 2764 4459 440 2393 947 3865 4978 1203
3574 4111 122 4613 1088 3081 3773 1293 704 685 1158 1962 964 1999 2391 3045 4411 2914 4375 1147
2016 2721 708 2470 2828 1571 2993 3061 4034 2721 1862 2061 2911 166 1196 2408 3948 4419 4738 2191
1328 2101 260 1346 2611 3556 174 4664 878 2259 3820 3739 2394 638 2343 2894 30 298 2036 486
2992 116 3229 771 2840 3906 3977 3420 733 2929 4084 2376 4378 1663 437 4287 1356 2360 2936 4401
1653 1471 428 4952 4814 3465 2394 4542 4716 2106 2030 710 957 1667 2393 1067 1820 4305 2901 113
2455 1046 4415 1067 2030 2376 2178 2602 1683 4855 2611 1784 2838 271 3167 437 1139 3105 1881 3958
4896 0 4941 75 3372 1667 704 4362 1889 2827 3727 1029 1627 4352 2031 2461 3807 4351 2920 1646
562 3057 3899 4876 3421 3465 2323 1155 2067 889 3858 1889 2688 2308 1818 3602 2743 2640 3277 1088
1064 4504 4086 4361 3556 535 4467 1518 291 3223 3831 1262 273 2385 241 1531 2564 2498 2030 1583
1235 4817 2084 4442 439 1723 868 119 119 1507 1234 1215 125 2111 3141 4276 930 798 3082 4655
3218 4851 2865 2844 3236 1214 3748 1346 1782 2894 3162 4263 4598 1562 1954 4333 1562 452 3579 2391
3670 379 1550 2554 2191 1470 1947 1067 3727 1140 3583 4784 4852 3996 821 454 751 2399 1947 761
2890 4532 355 2683 3761 3233 4978 32 2218 2858 4974 2327 260 1840 3167 4994 4252 698 3804 2171
1153 102 3611 2393 3979 1600 4914 3126 3756 2191 2611 400 1734 340 3525 165 936 867 4784 3831
984 2578 667 155 4659 4707 3760 2017 2827 3595 602 4307 4401 2033 782 3674 1511 2338 3478 1346
4532 2414 1321 2932 3737 2553 3448 3465 715 3130 1656 2223 3508 1880 2836 1839 1335 1106 4239 2191
2905 4214 3774 3546 4046 647 2392 590 4276 2461 2368 885 2982 3727 3820 4333 527 4398 3873 4792
4004 1321 2271 4580 2962 1906 3891 141 1767 415 602 4111 3738 182 4352 3557 4900 4295 924 2512
4727 2455 1128 1022 2508 17 1531 3658 1947 72 589 2818 4313 2164 2411 2191 1572 2668 530 4874
409 1614 4373 2953 3454 3579 440 3465 4994 182 3761 4914 4184 1223 3202 3146 2826 4859 4820 3494
1824 2030 3409 546 3982 744 969 4817 2773 3094 2652 3311 3602 2176 2131 1692 3611 4542 4111 922
1175 3105 3368 185 951 2983 4557 1667 507 2455 2534 1405 4746 927 4743 4606 2290 4202 4214 1014
4259 1041 2460 2100 2031 704 205 4355 1521 13 474 1780 4851 817 1941 3062 953 2839 4012 4354
