3723 4250 3552 3001 3795 2195 3670 740 3760 2786 2349 4560 2521 3674 1837 3065 2113 4966 1878 4565
453 3366 1287 3222 3236 2399 404 962 1494 4602 3670 2368 3222 4504 1877 3958 4512 2408 1047 664
2191 2565 1827 4662 2191 1203 4914 1889 463 3162 1596 2988 814 645 227 4313 1035 1864 2240 0
2962 527 1147 1788 2935 335 4338 1808 4067 3293 4649 1519 647 1142 1087 1126 1574 4613 562 1116
236 3494 4517 3451 3769 2962 1962 3811 352 4634 4263 3502 1600 1187 3795 3900 2890 3087 1172 3908
453 981 203 378 4083 4094 72 4263 1804 1150 3813 437 2074 1045 4425 331 4050 4573 602 868
3826 2155 2992 3311 4802 1614 166 3600 3878 535 3965 870 4840 1465 2823 1734 3184 3045 3096 4007
2914 4212 3787 817 1005 2449 2294 4121 85 2773 2706 1667 651 2020 3545 3404 2168 132 871 2191
4500 4205 4259 4759 3502 3053 3053 1146 3830 2782 1417 3774 2977 3832 3965 4994 1947 1674 3960 3222
1976 1556 4050 3045 2520 4425 4048 4393 3065 1556 3293 1306 4957 3045 4537 42 756 671 1872 4462
2036 4899 2914 1861 3207 4698 2166 56 42 1571 809 105 3465 1937 75 2388 1767 980 2914 363
2779 4562 3222 3959 2058 4947 1172 2459 2701 4128 2611 4670 2033 2211 1565 260 460 4817 2176 397
4286 820 3547 4256 1465 2176 248 224 3220 4893 2113 1223 1171 2414 4415 2528 1600 1187 4784 2428
4231 1155 3790 3906 2031 3691 2275 2298 222 4989 4378 1484 151 2818 1088 4284 4621 1789 605 3611
1041 3586 1471 13 4270 2077 4415 4125 4859 2405 2625 884 1627 227 2223 3022 2393 569 3939 3465
2489 1511 2498 3584 91 1627 3292 864 723 1103 2836 3830 842 4131 2977 4214 4568 2191 4698 2295
2960 3611 4798 2609 2159 310 4352 2089 379 3105 1046 3746 4891 2268 399 4817 1556 4101 4817 1264
1889 2256 2656 704 1012 821 1112 2159 2388 4851 887 4325 1667 2640 1205 28 891 4791 1130 1565
3340 4565 3906 2840 2918 4333 328 437 2900 2173 4874 4876 4731 2346 629 1750 2786 1533 2875 1891
4071 3332 46 4796 975 2993 4487 4994 2611 1667 1608 3106 2435 4614 4923 468 2079 1040 4649 4056
870 2314 2666 1862 4993 2378 474 2344 3906 3478 1067 1321 3607 2223 463 4862 2294 3934 1458 1643
4263 1346 105 440 821 2102 1041 2057 102 4333 645 1083 3768 665 2155 817 1627 1269 3564 562
3946 1627 237 1511 2774 808 3670 3586 1677 3411 4485 4411 1243 1814 2958 1689 1147 166 591 3781
704 4668 4694 2443 2414 1311 4756 941 534 2042 2663 28 2564 4411 2191 453 687 2770 4086 1342
1075 3686 4586 908 3085 2786 2774 271 3181 3751 1531 3214 3038 2963 429 1753 2876 296 4325 1840
214 3586 4411 2905 4358 4202 3504 3892 782 4338 474 4263 491 4263 1622 4269 549 2324 4071 1936
1709 3004 4263 3557 4598 2884 3189 156 4467 4602 562 2178 2102 868 4681 4558 3058 1565 2139 782
4906 2656 1342 1707 2714 4796 3273 320 822 3748 3445 3408 2718 4596 2901 2375 1089 4805 414 4239
4500 1321 15 3707 1998 1067 4631 4342 842 2294 2131 1653 2727 1667 3268 1622 2461 3908 1465 1973
1635 4256 2564 2905 2349 977 4257 1067 2504 486 591 2139 4378 435 2581 559 3355 235 3260 672
4259 2542 1328 1667 349 3557 4827 587 3042 4415 3231 3906 344 4471 2868 102 4459 3134 4999 3689
1970 3756 4873 2393 1233 2139 3992 611 4978 1005 437 123 3899 2699 3413 4990 1239 233 3586 984
1845 2856 1668 1916 3769 3077 1203 4130 4336 3031 1622 4966 4315 4388 3198 1284 3146 2640 1661 3723
3653 3340 2040 3453 4086 3344 2 4319 3226 1418 4003 647 1890 15 4462 948 1950 2962 3957 1228
1874 938 3824 4395 2126 1565 2399 4361 668 2949 4512 1914 4994 34 2406 908 3902 4835 4878 3178
822 4248 291 1582 3678 936 978 4370 2528 2935 2408 248 3432 3938 4446 1458 166 917 807 3494
1418 2446 1719 2450 474 1418 1324 1347 4737 2084 814 3482 4718 432 2017 821 2141 2863 2528 1357
4010 821 479 4342 4471 2191 3001 3556 635 3906 1531 1244 4004 871 2920 2302 1039 376 527 1306
4185 13 3156 2568 3599 4461 2963 1203 3066 54 4287 318 1088 3465 2503 1346 2132 3705 2268 3352
116 2723 1024 2334 4089 2000 3189 2860 4737 1116 4865 831 2084 2776 107 391 1855 15 4140 1556
505 3958 2609 2802 770 4243 4080 3944 1726 2344 2874 2298 1955 1674 3053 1007 908 3561 664 2499
2663 941 456 2564 2109 4469 195 2553 602 4080 925 4697 1462 4629 233 2503 4537 3748 2777 1970
602 486 1679 1957 4446 4672 1494 1572 1667 2176 2176 474 939 3739 1789 2191 2139 2283 2716 354
3162 1306 4879 1592 831 2024 1775 817 2029 1235 2838 2294 1314 1862 4511 443 761 2860 743 4252
1643 2790 1323 4372 2091 82 4017 2005 963 3193 2322 57 885 419 1426 722 2322 2505 4338 3385
3530 1101 2191 4635 2505 1022 2360 2786 2191 2611 4040 4086 3348 977 1538 3744 838 2854 2631 2472
2779 1345 3214 254 1537 3939 2344 3826 2547 2198 1342 2476 4276 1346 4798 3790 4537 466 1635 2191
4339 3996 3899 900 2854 3076 315 4827 687 4891 0 672 4810 1891 1342 296 44 204 86 2004
2733 3432 4378 4270 4080 272 3760 1712 1667 1364 4941 4746 2155 4586 91 953 550 4480 2611 535
3162 3206 1458 922 2031 4976 879 1778 1113 4344 2120 3372 1530 2194 3671 1726 1549 1766 1234 1000
909 1635 4065 4581 3586 4487 1557 3996 195 4076 4891 4033 3820 2348 1363 1841 1692 1721 2827 1081
2146 4340 527 4855 2611 175 1041 2415 3032 1224 3530 3651 321 2408 2884 1729 1931 941 3553 3851
3212 2992 3655 3147 2474 232 1525 4035 2317 4382 2611 719 2676 2528 1076 4694 4786 821 723 1041
3422 1215 3031 3674 1837 4948 3354 1324 4850 377 808 4251 4587 2027 1730 2049 1142 1622 3572 275
1136 2238 1155 1460 4592 3045 4772 2131 4565 4551 260 1988 4817 1328 1009 3178 1750 1059 1983 28
2478 3670 4499 4279 708 70 291 2191 2761 3401 1913 2999 41 2393 3946 4086 3436 2935 3404 474
770 2671 2250 4285 2481 2191 2898 4817 665 3565 862 1068 41 1342 4342 4338 2498 969 1704 1328
2036 862 1689 664 3920 4344 1086 589 744 4111 3796 4199 3505 3673 4360 1577 4987 3556 535 4052
1066 2655 4035 2310 3134 2652 2820 174 2407 4908 665 4462 733 4270 4784 2074 3301 1469 3507 4596
2856 2991 2874 1628 4394 2408 1780 1661 1667 4859 4185 3401 2414 1667 75 2611 2938 4250 174 2564
4206 821 4686 3272 4817 2205 69 3894 3134 4532 2478 3001 232 3366 1458 2667 747 2794 2561 349
41 4596 4990 3670 4246 4415 1442 1153 757 708 3996 4289 1072 4263 3846 260 1740 1346 1604 2639
4628 4879 2957 3494 4817 2586 1726 1643 3069 3200 602 1667 2758 28 1653 3586 2134 1413 1653 2090
3404 704 704 1762 871 2828 4267 3073 3845 4078 3832 4442 2922 3053 2856 831 4827 2272 4670 4542
