117 3045 2527 3965 4276 2661 1572 98 2520 4938 1288 4140 3901 602 3851 2576 2701 1088 1040 105
373 508 4798 1294 3001 3332 1067 1627 3554 4563 2738 4342 3022 344 3236 4381 2553 2394 4195 1988
782 4342 4656 3380 2131 4379 4802 1424 3600 1141 3045 4967 3183 3748 2761 1818 4697 2892 101 3710
3357 3181 756 2938 3779 3085 2360 1764 3822 275 1542 2775 1663 1413 2521 1970 3389 2891 4597 3310
1328 2444 3215 2032 1366 3372 3751 4597 2082 1667 1791 4496 260 2473 4342 1632 4209 1548 4522 602
2215 2773 2117 2854 1465 223 1349 4855 962 1530 3053 1088 862 2012 4848 3241 1441 2611 1503 971
708 4456 2234 2499 4352 3943 3241 3690 3045 2840 2191 4873 1604 2344 3291 885 583 2302 3077 2450
2309 1328 123 4358 751 2998 2818 3851 2450 163 3903 3096 4495 2440 4415 2271 691 4010 2169 4798
3979 1583 3946 2732 4438 3682 3114 1470 4125 1638 1862 2288 2896 1041 1041 1277 672 4971 107 87
1075 2036 2761 638 1891 4795 2874 1692 3958 3069 1740 2914 30 4970 1346 3267 2573 376 1418 4086
622 3670 1198 2826 2717 1470 1692 2963 1041 4209 1359 3341 4892 2044 2182 4987 1401 3006 3494 1373
3162 4501 2210 4389 3218 886 2495 4481 1667 413 4670 3184 1635 1643 2467 4017 2166 3448 1617 181
3933 4850 1786 4565 1653 1203 2071 4851 3852 1766 3494 2320 2993 124 3262 1498 2590 2829 2585 181
2825 1109 3767 3694 2304 3122 4543 3566 4546 1191 312 1421 1625 2676 2376 3409 3186 4379 1621 4639
1612 4086 3266 4664 373 1862 3669 1851 3147 4094 1154 2176 2503 4877 2611 3520 2321 3038 895 3611
562 3384 1417 1126 4487 2793 3146 1653 3525 2178 3451 619 1489 2238 2298 534 2754 2293 602 4668
3908 3669 260 1098 3925 1318 602 4805 2191 726 3045 4734 4010 1574 1138 4565 3267 2482 248 751
3319 3451 1609 1734 1973 2419 54 3222 4990 1996 2828 491 166 1453 4702 3349 4062 233 1091 4529
577 1687 1334 4623 1791 2409 2019 4756 2414 4891 3401 3586 3678 2139 4077 671 3723 2727 1813 2444
3363 906 2470 1635 3397 4352 2191 3081 3863 2256 2667 2820 4682 2773 2391 2179 4079 941 2513 4891
3530 4788 4993 4457 2360 1417 2822 3563 4338 4394 3672 485 1458 2290 627 4312 1349 3703 387 3634
1740 1346 1402 2639 4851 962 3281 4896 2616 181 1024 1800 1413 1993 4707 2884 3584 1689 4276 2678
474 2788 4086 693 3251 1069 2385 3032 3383 2378 4877 4214 2482 4086 1797 3401 2164 3882 2611 1629
2435 1537 4680 2131 4907 1572 62 2458 3227 527 4263 1062 4639 1780 869 4989 293 811 4941 2954
2131 4642 2916 3949 1874 1560 2780 2993 4080 4836 1275 4854 2528 2191 737 3388 1626 3958 2334 3811
4206 821 4526 1913 1813 2913 2209 704 3045 4147 3134 2742 969 1155 1040 2598 2415 2302 2450 2592
3169 2933 2418 28 2854 4877 3852 1969 3765 1870 2271 3790 387 1766 2113 123 4876 3252 4522 2220
119 1033 4374 4086 1205 615 4998 3972 486 4093 485 408 1067 4879 3678 1942 1155 1559 627 691
1525 863 1961 328 1692 2435 971 2585 2611 1041 605 258 54 2605 4206 2450 692 3871 831 1328
303 4387 2372 3022 296 112 1522 378 4417 4565 175 3436 1213 1749 234 2408 1906 376 1643 294
48 3045 3685 546 2740 1194 4876 2347 602 3465 1618 2337 3006 1692 2294 98 511 2553 3218 3878
3765 3557 3872 4012 1767 2611 4967 2242 1643 4437 3989 4850 4012 388 3120 4586 2264 2526 483 683
117 2459 3094 3813 2280 3236 4140 3457 3271 3346 2520 2726 2038 1346 3915 1615 3236 2707 4863 3851
3677 3768 3653 443 4891 3610 2450 4042 2268 4485 2296 2090 3311 312 44 963 745 4817 1328 62
3723 102 3346 2827 28 3647 126 2455 2178 4562 3053 3821 4415 2898 3623 4086 1770 933 4263 4866
4947 1335 2946 740 4607 959 1231 1476 3384 3959 486 2505 1689 704 4214 208 1791 1491 1791 2408
1192 1415 215 4496 978 645 2640 4849 1622 4313 1750 1448 4534 4098 829 597 3053 1493 924 1375
657 272 3548 4670 437 3139 1397 732 3281 3141 2240 889 2450 1597 122 2294 2293 4865 4259 782
1627 3922 1328 1338 482 3855 2415 2131 3832 2592 4577 2779 2350 3992 693 1321 3045 3706 464 4477
4286 2498 2116 1363 3960 4908 11 4149 3939 4707 4012 3790 49 969 3709 4736 1342 859 1142 4147
2751 1902 4483 4800 2234 2341 1632 4978 820 149 7 2049 2074 1950 3760 182 3587 2838 2634 2238
2176 3243 2345 1653 721 2465 3874 3081 2992 1784 233 443 30 1233 3853 3760 2685 464 1609 1157
3513 357 2414 4798 3564 3099 2642 2717 2719 1346 1592 3674 4680 2499 4580 4093 3811 618 3173 1030
4206 3674 2837 437 3710 708 2865 1568 1205 3248 1646 1609 4998 2141 1136 125 3321 15 4504 2727
478 2566 473 1653 2336 842 1906 1897 2856 4891 4163 262 770 1692 4243 4737 720 1158 3053 1913
2976 1182 1788 884 2341 2139 4565 3671 942 4387 2444 2063 4040 1155 397 1667 4052 1870 4312 1346
1211 2745 4415 4531 1110 3678 3087 4779 2257 4089 149 3513 3650 774 3159 3744 1913 3082 3225 4994
4205 474 3241 1594 4387 3958 2727 4313 2500 788 1234 3796 1535 491 2661 527 1308 746 3610 2708
811 3586 2147 1622 2408 1556 2126 2061 4234 2087 4125 4350 2950 2090 4781 2611 1674 404 2564 2280
394 2191 3053 110 3053 3908 341 4425 2093 3958 2879 710 3678 4923 1370 503 558 3751 4577 1453
1561 2652 4071 2945 3267 1833 2666 1952 3130 364 4891 4978 2030 3357 747 677 3483 1243 963 3053
3357 938 2015 3929 560 3744 1707 2942 125 3790 831 1162 4415 3186 4697 1879 3031 3333 2611 4860
2742 577 1634 1125 4471 4431 3852 1661 4171 1653 3208 1643 2788 41 2611 3006 28 2361 4668 2827
2237 1382 3813 452 1150 1381 896 399 4575 376 1363 4054 618 2002 3496 1312 3674 2200 1891 1451
2914 4967 4364 3965 588 2205 3751 97 4894 1625 3607 1572 2394 768 437 1871 2536 2836 3065 3586
667 977 4601 2280 3608 15 3906 54 1318 125 4184 1548 3279 4066 293 271 4307 1373 1309 4452
3513 1074 1797 4086 3609 2004 3045 1429 4438 1395 597 4484 2492 4358 3564 4529 4920 3053 3811 2378
1812 4012 398 3980 437 4891 2450 2131 260 793 1891 2471 1124 1689 2408 713 698 2139 1508 2680
1525 3169 3807 1498 2499 811 2727 1969 1040 4515 174 1453 852 1041 2391 2415 2350 4127 3059 1955
602 0 918 4913 4957 3045 602 3938 2435 1572 604 4287 1789 4415 3852 2611 3796 4005 4342 4149
1874 3344 3674 4659 2640 4629 2977 2435 102 3022 3580 3143 1346 323 2611 1268 1643 986 1667 4565
1988 4476 2191 3191 1967 4542 1770 2479 48 687 4889 2942 1072 2950 2890 2640 4200 3976 4736 2074
4416 3045 2354 4086 1980 2640 3647 4698 462 3758 1366 3177 1199 418 4140 3104 1046 3557 2191 737
2111 193 596 514 2909 2030 2602 1096 738 2712 15 799 2993 2829 3507 486 897 885 4263 886
