2198 3758 4490 535 4769 941 2030 1234 1214 1203 3408 523 1852 4080 2527 5 74 4668 2779 1090
1653 2124 4523 2096 2533 4169 4767 22 538 4315 1827 1632 62 4112 4446 2917 1839 1689 2007 293
602 3679 1439 535 2074 4276 4140 813 1767 2063 4412 2131 4256 3784 1126 2576 1941 1266 3754 4344
2844 731 2611 4333 1726 2399 940 1346 4603 2414 431 686 1531 1041 1041 4027 3082 148 3670 2998
1083 2935 3530 4080 2351 2690 4213 1301 827 151 4232 2246 2557 704 1612 4214 2998 2472 794 4532
1757 3758 4270 2869 3030 745 2402 1465 3331 2856 4270 767 2774 665 4372 4454 1726 72 4393 341
2517 3058 4398 2395 4565 4360 2191 829 2678 3557 4941 3672 2513 1786 4896 2137 1321 4855 3760 437
365 2922 780 700 3526 3797 520 527 4344 3570 3583 3243 2564 2131 112 3185 4247 1223 4296 1918
3734 1689 4451 4505 1689 3611 2482 4350 3770 3130 121 1331 1734 2246 3685 3156 4840 1609 3045 1766
4398 4415 1827 3860 1531 312 3508 397 3505 4140 4276 2061 1477 3557 146 3820 1726 2699 2539 1223
4168 535 4297 2133 1147 3952 4588 767 2949 698 501 2216 2640 868 3494 1667 4896 2965 4715 1667
3674 811 1874 4899 4489 1139 1127 2544 4586 4772 4814 1494 1582 1214 4342 2642 466 113 2643 3729
4080 2500 4078 4401 1765 527 4276 4565 1848 3939 522 3285 535 4144 2860 4176 1074 2826 622 1041
2111 2139 1579 3230 4672 3001 192 2951 1325 4128 585 4342 4239 4147 1495 425 3790 315 2799 1081
3674 821 856 4411 2945 813 2294 1548 3457 2935 2430 3952 2827 3727 1158 1439 4974 1667 3612 1184
3222 4444 3467 1066 4689 411 753 4415 3840 2061 4482 438 3223 3603 4859 4879 889 3619 3693 2344
4259 3189 4501 4019 740 450 4012 2393 4594 2652 1757 4769 2472 522 2291 1743 4670 593 816 1561
3908 3758 831 700 2779 1215 2611 1545 828 228 4315 4936 3218 466 1962 1655 3223 1689 4276 4342
94 4673 2941 4755 2194 2260 4097 4049 275 1818 4629 685 535 271 322 1083 4206 1704 2791 4861
3826 4967 2640 2528 486 170 3586 936 2611 2166 895 3366 4698 2459 2092 2727 3607 1549 3502 2993
83 1861 237 1005 2527 4012 3556 2063 2213 3697 1713 3036 3556 2945 4446 2807 4845 2399 2780 4817
3246 4957 4817 1531 1041 1885 2860 450 2400 3684 3354 4790 22 2570 1741 1627 2706 3045 1005 4507
1561 123 2642 3758 1698 3222 2879 733 962 1667 2185 4000 1692 534 1661 364 535 4670 590 437
545 782 4972 551 1531 66 1653 1352 1529 4891 864 2585 844 41 130 1405 1346 1531 123 4276
1235 4776 4035 2074 2569 4537 1891 1453 1941 3574 3773 2828 353 596 963 1041 790 1055 2294 821
1066 3586 4374 4635 4698 2907 387 1275 167 4291 521 1460 2271 693 4315 1845 2139 4208 3053 4230
4226 717 3186 1731 3220 4668 4382 2033 1667 265 562 1069 1889 3022 482 4263 2561 1342 174 1726
3791 3637 1249 407 529 1525 4616 771 2499 3031 1321 1346 315 1458 3045 2450 3683 3249 2905 3906
1653 130 3306 3674 749 1142 597 1495 2298 2896 2989 1861 1622 1310 1912 2347 2271 4199 3366 1609
4817 1328 2447 3751 3068 1041 2780 3906 828 530 4027 1706 322 3035 4775 4790 484 4387 693 1508
486 1653 4224 2918 2292 4417 2788 4716 817 525 515 3613 3332 1052 3752 1848 1178 3647 2871 4352
3212 552 1172 3647 3529 3492 2611 2027 1530 222 1973 2164 1101 4817 1675 2242 4678 28 1622 3965
1194 2133 1097 1847 4252 1142 262 1471 4563 4481 4480 1889 4195 3186 938 2191 1120 2613 3148 704
4998 3557 4199 2747 1750 2505 1732 1622 3771 3694 1891 1582 2164 486 2280 4879 3134 821 2588 4270
4500 2030 4044 3642 2213 3019 4379 4338 3760 1182 1428 4285 1593 250 3241 4480 3311 301 3738 250
2111 2482 2496 3223 4542 4911 3241 4831 415 3631 3607 3739 3602 996 4851 637 831 3492 2874 3386
4093 1702 463 1337 2358 3958 4817 938 2218 3962 1365 1513 667 1751 4263 3240 3555 3578 3457 1627
3463 1643 4128 449 397 435 2788 1371 1235 3654 13 227 4270 2450 163 2644 3177 2269 3396 3502
4259 3306 2191 59 1365 4649 1343 4094 3458 4614 3465 2501 4894 4698 454 1556 4637 227 123 91
4974 323 530 1203 2860 4259 1155 1532 3097 989 2521 3186 1370 2092 596 2042 4998 652 3790 3133
936 397 2727 1494 1033 799 2218 4031 1229 3045 4615 3920 2865 3091 3982 2896 1088 309 2087 374
1027 1837 4948 3045 3654 2178 2288 1454 1088 4111 2280 878 4851 3444 2036 280 2594 3470 3331 2804
1561 1455 3478 4972 33 3295 2556 934 1689 3426 4086 2649 1531 217 3970 2926 1446 3652 2450 195
4817 123 2025 1301 3530 1913 4565 3852 1418 6 1375 4773 704 1955 274 739 4891 1739 4209 2998
860 4010 211 667 4480 726 4426 562 1366 4308 4605 1627 4419 1359 469 4397 2621 1187 2804 2315
4779 2248 3678 4425 1467 2989 1041 1041 622 2521 909 2191 2774 3587 572 4560 1400 58 1403 1292
685 2653 1292 175 2586 2439 4237 4565 2450 1471 4817 4623 3813 704 980 4123 1308 3647 3751 462
1140 1194 2838 400 2611 4798 3586 2065 959 77 4252 1076 4967 2640 4270 2884 3207 3525 2450 611
1317 4305 1955 749 1653 3311 3905 3860 3366 443 4798 2381 4815 1791 4415 3766 4998 3022 3031 1622
4411 3670 3525 474 2824 125 4315 2354 3939 387 474 3341 2307 4537 4012 3053 2583 708 41 3236
1203 1321 2414 4602 2482 4800 1862 2526 171 503 3851 4696 1608 3061 4820 2884 1931 4417 2139 4338
1126 1197 4526 2773 1973 295 2886 2131 4987 1530 693 4252 4819 879 1962 2435 1941 2894 748 3525
3758 2191 962 3647 965 1379 4012 4596 2030 1820 1080 4333 4010 4880 4557 1261 4989 2521 2298 3873
3125 2689 2877 1155 237 2528 3059 4678 2029 1002 1962 4123 395 1991 1977 4899 4038 404 4312 4127
3171 2031 617 4855 13 2061 1635 4496 2890 2399 2957 4140 2824 202 4603 2408 2259 3415 4810 536
2038 2556 1150 3105 3584 2504 4817 1648 4080 3692 1346 1525 1349 3058 1690 4555 4498 1474 2605 3758
4781 1753 1428 1861 724 2890 1532 4255 4317 1241 1163 3665 114 2860 501 3824 880 505 2722 2860
2992 55 3821 2566 2450 3929 1346 742 2195 4542 1757 2854 2860 3557 4320 2360 527 4313 2865 1246
3363 3401 2521 3682 4122 3053 4900 3586 797 4957 976 4223 2362 3959 3126 2788 1925 4459 882 4565
26 3670 4487 1476 2238 4862 3656 4301 744 3105 3899 4515 530 94 2581 486 559 4836 2600 176
1172 1041 1993 3134 1655 2065 4425 4696 1063 2414 4375 4523 940 149 1062 713 3652 2242 4205 2139
3009 3877 2528 197 3628 4587 174 1465 3906 1597 275 3920 1757 4993 3147 1844 2344 3017 2344 2999
4533 1261 2164 4471 2461 685 3756 2191 0 1254 1774 3783 3317 2097 3996 1689 1431 2111 3958 593
1181 1949 3196 4640 1537 15 704 4416 2446 1157 672 522 4417 2774 3602 3130 3602 1593 4604 3032
