4270 1041 1562 2963 2399 831 1381 3583 2049 488 1622 3072 1988 1342 3835 2521 898 1726 820 2393
1150 374 1969 296 2038 778 2061 2630 2044 2909 3638 4438 1864 2450 34 2432 2787 2223 3218 4631
1998 964 1486 2131 4908 2171 2844 2723 1833 4149 3829 1312 4415 3725 3754 1511 3465 2653 2552 564
811 3097 1040 4049 2292 1661 520 4926 4325 4908 4482 4936 1106 1818 3006 850 165 2423 876 3672
4270 941 3833 3709 3068 518 4941 2865 125 2149 865 2616 4440 2761 510 1429 3338 4641 71 190
667 3295 1039 3670 3612 2528 602 2049 3038 3045 3858 1784 535 2780 1066 862 1155 1312 300 4924
175 2608 4186 4004 3549 364 3261 1172 3835 1066 2393 2195 4626 484 1099 91 443 4270 1548 3551
170 1187 3952 3796 2323 1813 171 1648 116 1012 576 4765 1870 3692 2294 1235 2446 4966 477 4796
3009 3306 1653 438 1827 2761 862 2758 3611 3028 3642 227 1267 4788 439 2087 2591 1081 2048 1632
2385 3372 3851 4415 2528 700 4206 2238 46 2450 2440 3674 2812 981 1211 463 2667 374 634 1390
3908 3453 4972 4059 1885 4058 4956 3004 2945 4446 1627 1418 3081 940 969 364 4228 4598 1332 2137
3212 2308 3332 4532 4781 2450 2131 955 4557 636 963 1110 4817 4411 963 2922 1627 1469 2344 274
441 2250 2636 2350 1531 4379 1825 3906 4275 4003 898 4668 4805 1537 726 679 4009 2439 3164 3647
2521 1549 4290 4788 4866 462 0 4090 645 2089 3477 3711 3556 3453 1970 782 3674 3695 486 4263
3019 4517 1291 2132 4987 663 2408 1622 4664 1708 2791 2920 2141 835 835 1326 889 3411 3773 2890
2441 1837 1203 2828 3360 2074 3039 1530 1531 302 1679 3332 4125 1088 2482 877 2993 3215 1187 4406
4259 4531 1991 180 4607 642 2844 4702 831 4202 2611 4100 3982 3053 1110 3811 4097 1597 4668 22
1788 922 4978 2866 2441 4537 1889 2074 4481 1416 2280 4263 1088 15 4746 1283 4623 1830 3289 1495
343 3404 4276 3411 2611 2455 1827 2988 4325 2743 990 1531 301 4086 4796 741 1983 874 3830 2087
610 1232 4541 232 3971 2798 3241 535 3004 4504 3228 1054 31 4313 1083 65 1785 4937 3323 3350
1416 4168 1590 2980 1661 745 1825 3408 4289 2302 441 1041 439 3436 4484 562 262 1311 1782 3301
3009 1891 3194 2874 2722 39 4142 1749 1973 1189 1627 850 2290 4515 2999 3939 2154 1627 2820 1217
4259 4125 3128 693 3760 127 75 987 2280 2890 3608 3838 816 2450 4532 2121 4342 2089 226 3065
1223 4727 3878 1458 571 4796 2415 3756 4594 3670 963 1837 2912 661 1276 4465 1069 4415 4643 1913
1563 1364 4855 1378 136 1782 1149 3141 3678 2092 1219 4342 42 2288 3547 2131 4649 986 4123 3184
464 1484 3361 2385 3364 232 1991 4876 2713 1186 2407 333 1346 4010 2357 704 2838 1128 782 4382
4270 2345 4861 1961 3285 1810 1280 3142 4876 2707 2451 1718 3655 4694 1731 4523 77 2826 4195 2390
3826 1537 3340 1068 3523 2733 2293 3671 860 2294 4911 4313 3610 2517 3378 4813 1097 1346 2195 4737
4010 4781 4458 201 1178 3557 4393 2061 4012 2611 4033 2482 2560 2993 3782 4044 4914 2611 3960 2564
3366 4565 438 643 445 1848 2092 87 3159 3248 2805 2698 4855 1346 2271 4080 376 3695 3908 3769
4907 704 1097 1762 1582 1571 2294 4617 3159 2294 4019 4317 4974 4289 889 2137 443 869 1889 2453
4943 365 1891 2788 1813 2521 174 1217 3223 3496 3586 2640 123 1066 4751 4798 945 558 4240 4052
2195 4976 2496 3849 4740 1293 596 3201 1203 2139 2779 1136 1494 335 3958 4342 1142 2031 635 3564
2155 1125 3217 1622 515 1175 4649 4615 169 430 3685 1328 227 1837 3872 3389 452 1655 2450 1141
3437 1080 2810 2191 2611 3053 1608 3761 2654 4125 1622 4304 2302 2962 4708 429 4111 1089 813 2131
3670 4487 3004 1819 1214 3654 1228 4943 2930 844 863 1844 2238 2884 831 2408 3533 1833 3691 2528
1069 885 1235 576 2884 4333 299 4134 3758 57 963 2198 4631 1842 2840 2305 3220 1982 1424 379
2150 4237 2952 4342 1028 3877 1627 693 1106 4790 3277 771 1862 4694 1346 2049 2854 4660 770 3607
2767 2489 1690 3944 2280 1643 2564 3091 2146 2876 4830 26 590 1709 2107 4078 3633 1957 2131 4668
2921 241 680 3723 305 2666 776 2083 4315 4040 3582 415 4881 4398 438 1320 871 4565 3527 2922
3073 4004 1690 2594 1346 41 2288 3239 1041 4027 4248 1463 4542 2553 1088 2916 2788 3952 1088 1249
1235 4117 404 595 2395 1993 4879 3670 3546 1622 535 1308 1155 4032 3014 793 811 535 4694 4415
23 1689 3094 1099 2727 2611 675 962 1494 1246 2450 2139 597 4276 2061 2220 1080 2574 4337 486
593 4333 2993 2874 4252 4394 45 2029 474 3494 1646 3899 1484 3580 2271 103 1192 1667 4172 2596
2498 3586 3221 1548 4817 4741 293 662 2860 3745 3936 2249 3556 4550 4251 22 3683 1676 1304 1653
364 668 1101 4815 3790 2001 2764 2849 593 635 3408 2992 3505 1848 202 2176 2191 1058 3346 340
4097 4639 3146 3558 1980 809 315 3842 3154 1055 665 924 3478 4374 3445 2376 1494 1011 2414 1136
1914 3045 486 3666 2353 4394 1325 704 2554 2408 2527 4263 2058 103 1338 237 4276 1681 2313 3022
4781 2220 3015 1679 3982 1991 1155 2508 2388 1293 3602 882 820 3133 2521 1530 4871 4446 1458 2609
3734 1590 324 4794 1590 608 3891 957 2918 4442 3671 3899 4297 3459 1661 751 4317 1667 54 1381
2481 15 3728 2564 1755 1649 3194 3189 2838 2191 3603 3172 732 604 2466 1159 4798 4580 1286 3632
3826 3534 2642 1913 3261 262 1403 13 311 1199 4375 3960 2450 405 1569 2911 171 3795 2476 1416
3363 4964 1147 3752 605 2631 1627 4475 3525 963 1179 3053 3348 2191 821 4312 1141 1643 430 3146
3009 4132 641 1725 756 3409 3413 245 1269 3586 4461 2829 1656 4214 811 155 2174 602 4446 1941
4093 820 2297 2764 2735 2507 2001 2600 4368 831 3813 1668 553 1970 1346 2611 2087 1891 2238 1052
1067 170 3675 4576 1157 1970 1248 3958 425 1742 864 3421 1413 4800 4173 2431 1852 2320 879 4616
3306 602 909 3099 3739 4840 2531 3031 1582 672 1426 1261 693 3022 1726 713 2414 2408 4987 15
4394 2259 3357 2318 2137 1667 1956 2344 1532 315 1413 1014 1344 2611 1289 203 2191 2611 1484 3241
116 1556 3045 3411 2178 1308 1194 535 4364 1046 1041 2146 2699 2673 3295 2860 4259 4374 4076 1346
2455 2547 704 2357 1813 874 3223 463 260 749 2044 3711 260 4737 3053 466 3756 3045 1862 4598
1098 1252 4529 2036 2721 1041 1041 2506 4725 850 2074 4276 4214 2528 4263 2945 3773 3306 3478 4947
3404 3603 522 4592 559 4850 4198 2129 826 595 2408 3196 3557 4205 3241 4097 120 1418 3683 3130
1150 206 4040 2240 4800 451 1500 1084 301 2084 3326 543 2049 4704 418 1531 42 323 2191 1667
1203 204 1194 454 615 3562 595 2344 963 4880 4046 181 1571 787 501 3850 3856 3830 2062 742
