1966 4580 776 2854 1710 2478 2179 293 2640 274 188 4831 2191 732 1774 589 4239 4357 3557 782
1844 4763 125 2264 4140 4668 2376 490 4836 425 3045 831 3824 962 1310 987 3483 2774 4565 3670
3404 4891 245 4672 704 602 1229 1039 4908 1099 1112 985 704 1314 2437 4861 2676 3580 1040 1767
4500 511 2553 4586 42 2849 3053 2633 1494 942 446 4461 119 704 1743 4651 2220 4649 1330 1913
2164 116 3762 3561 1849 2853 204 645 598 3315 341 2642 4817 3654 3760 4876 2268 1429 977 4458
4696 3973 1780 2822 4011 4985 3156 1880 1007 2439 4427 431 4565 2191 0 1235 3473 4911 3154 4903
562 2890 2727 1689 2667 1375 4166 751 3491 54 1704 2399 4383 1689 4364 2399 474 895 1415 3130
667 3920 4307 2129 2962 1234 3795 4817 3496 2820 2391 42 2146 2894 602 4415 1150 1966 4543 2408
2505 4827 1709 593 2217 315 3169 4626 201 2829 4415 1954 1749 2788 1734 140 602 4590 2191 2856
2505 1665 627 4387 2663 956 543 315 1826 3239 595 3611 1088 119 3467 4955 1891 260 700 1921
4320 4206 4941 821 1947 874 4639 3273 1328 4715 254 315 4670 437 1977 222 1913 2447 2131 2667
1150 614 2090 2802 1088 2708 1223 2428 3141 3138 4476 3908 3076 437 182 181 2117 4859 924 978
3363 3908 285 936 2447 2164 1002 720 2040 1041 4289 3370 8 4312 2860 748 705 1626 2294 3505
3049 4446 2564 4699 4711 65 2294 2131 4699 1655 2592 207 602 466 2191 1868 3934 2036 4565 1622
1172 4134 602 114 1644 4033 2166 123 882 2799 821 237 776 437 3982 1627 4749 3653 1789 3401
2504 4987 3081 3186 4352 1033 4565 227 2360 1514 810 2257 374 2049 2408 165 2191 1537 4914 2611
2036 1232 734 742 2164 2450 486 2413 466 1496 4525 2240 3905 3297 1088 3586 4615 2998 4311 1058
811 941 4565 1931 4080 2508 59 1977 3094 865 158 1030 3186 3053 3509 3424 1775 616 4855 2175
987 2856 4667 2922 4891 1692 1494 4704 3236 4817 1346 1405 260 222 3717 3268 811 3683 1885 1328
272 4931 2153 4333 3948 1689 3804 611 296 1439 530 4914 105 271 1906 1742 3586 978 3053 1525
1627 151 1697 2137 3557 4205 4891 602 2945 2294 821 1226 2084 141 2316 526 2849 3443 3274 4076
602 437 2431 1855 3556 3105 3587 260 1094 149 4798 4375 1346 2399 2564 1318 3857 4011 271 4276
1537 1404 1648 2579 329 2348 155 340 4369 119 2399 4694 2209 2521 4859 2408 2600 3297 4757 3096
602 2152 3739 2849 771 4218 3181 2030 1323 545 3982 2963 3879 1726 539 4796 2424 4218 3895 2740
4206 4415 4379 4104 3241 4033 2820 4831 4624 4707 2854 3020 2100 2802 2528 1561 1264 2102 4482 147
1418 4206 1578 4532 175 2087 1126 4415 4374 4211 443 1217 3751 1064 1889 4415 2221 4827 4757 365
3027 4319 2053 1192 4276 486 2131 2531 4784 1375 2435 2102 4684 2958 1648 4315 2935 1891 1503 3678
4741 1223 1357 930 1265 4990 665 2498 2600 1538 1460 4587 4378 2239 749 437 693 692 2415 2315
3404 3670 4478 3635 1390 516 4504 979 3852 1627 2399 2576 3162 1088 4438 1885 4705 1635 995 271
2735 2029 2767 3611 3186 1083 1408 945 4400 4817 4436 4835 4340 1528 804 953 831 2023 287 4522
2218 737 4817 1041 2773 2789 3011 3639 3470 490 3158 908 2903 2747 4372 3965 885 2344 4999 1057
3513 2600 1150 1525 1749 3745 158 4603 1749 2321 4798 691 2423 2828 4221 469 3986 2191 1673 1648
667 4565 3340 1426 2890 2049 4117 571 2719 1283 3872 854 1055 1432 3384 2917 2555 1194 1386 4438
371 3045 4772 523 1932 4333 4209 2753 1308 2827 2508 4896 4031 141 0 1511 3674 667 1646 2817
4495 3549 3760 1689 4086 879 2298 1311 4056 2179 2467 2993 770 285 35 3881 2611 4989 3582 1426
1469 668 4615 1055 3506 175 4697 844 3218 4759 1811 995 4415 4891 3586 3586 1548 1571 4044 3311
474 4305 3632 661 1554 4352 1666 416 1667 1553 593 3683 181 4746 1774 2465 1270 1465 976 3211
2478 3670 4614 2828 3032 3273 4880 4477 4526 3912 3565 4101 3577 3485 1342 3289 2558 692 4032 3761
4270 541 17 3820 4263 2027 4342 797 4817 1891 341 2259 4718 811 3670 1862 2132 4014 1653 2294
2733 1346 1277 4195 3848 1095 380 3282 1793 443 4798 4378 1453 941 123 2302 2774 3892 3756 166
1318 2290 889 2903 821 3556 4249 3651 841 2805 4318 437 2178 1041 4393 3541 4098 1328 2668 4078
4359 3045 4239 226 3058 3310 2505 2155 3341 4951 4276 3378 2696 734 3328 4160 4957 92 4337 2113
4206 864 4498 3506 2727 2552 977 4851 1656 2030 751 698 2030 602 4900 4956 4415 1818 2749 3797
4834 2338 3670 4446 3389 2802 3215 2391 1643 3852 258 3811 4415 3478 1088 3217 4111 66 2903 22
357 32 3831 2504 3134 4209 3707 342 1443 1382 3009 2024 1904 397 2092 809 4102 4866 3186 1837
3683 2149 1366 1709 490 1565 1627 4401 4798 4776 3556 885 1531 4375 4598 437 3732 2527 4263 3775
1140 1373 3965 885 1469 4878 2506 486 4378 2131 4270 1767 3827 516 1083 2320 1949 1278 4817 365
453 2191 4446 2639 3274 2295 882 4130 3908 190 2180 3411 355 2208 3053 2294 821 1879 1534 4987
1172 3148 3813 4487 1556 2527 1041 1041 4565 1232 3667 1088 829 4877 3639 1824 1076 3865 174 776
2276 704 1041 879 3553 4417 4256 4086 1342 491 486 1126 214 1992 3167 3651 2433 4415 2818 4604
1993 1041 1648 3332 1387 2344 2998 4527 1346 3749 2450 1653 4764 3210 1576 1002 4504 987 366 2101
2566 1862 1264 90 1451 4270 4010 831 704 4499 2542 2794 294 2374 35 3019 3710 1709 618 1088
807 3220 4593 3530 4415 3965 4032 112 2320 3611 4350 2450 3183 1677 3045 744 2674 1041 2640 799
2977 3109 3813 1666 4149 2191 2611 4741 2840 293 527 3993 3045 3607 977 821 1698 3906 2860 3878
4206 3268 4736 644 1627 2898 3561 2736 2985 946 1885 1993 4411 3674 4598 954 672 4471 2926 3682
4994 2611 2611 2611 2334 3053 3072 987 917 2956 2321 260 4010 1385 1913 3852 1088 3739 2865 1837
599 4670 1891 780 1749 1182 3650 3300 4957 3045 15 1012 3097 2756 4353 4798 1531 1818 4506 2719
320 1556 545 2113 995 3629 1709 536 2259 1653 257 4523 1347 2191 2174 1365 1721 3408 116 784
1947 397 2214 1928 2329 2481 4764 2246 3279 275 3494 75 2393 2155 3549 2191 1232 1912 1306 1039
782 4353 2652 1703 1086 3774 827 4415 3564 2654 1844 2256 1627 2611 2876 3572 3224 2935 1206 1854
2481 2063 476 4105 1194 4490 4282 2298 2388 4305 2482 1982 2860 2678 2678 2678 1253 2886 2997 1447
4817 4526 1432 4684 2580 1853 1759 3710 2721 23 3294 4855 4751 4751 4798 3865 4311 4978 28 2133
4930 195 879 437 4410 1088 2191 1975 618 1592 4355 101 527 2155 3906 2033 2191 4746 3148 3109
3651 1041 4012 1446 2511 2771 2678 1426 1083 2385 41 102 3629 3659 1158 4880 4771 4425 2332 4009
