1328 15 1967 2408 2879 1352 2844 963 3143 4855 1980 2131 3245 4989 2135 4501 4829 1140 2036 562
1067 1956 963 2415 50 4711 2132 41 595 1253 619 1820 260 2992 976 3651 3211 4678 4634 3502
1730 2954 1261 466 2191 2611 466 2191 52 4845 2891 2512 1633 2889 2504 3813 4071 2408 1041 4369
3760 1323 279 3069 4352 4398 2191 1150 1683 1453 522 2176 1889 3344 3020 1950 1039 3760 359 2479
656 720 4012 3346 593 3231 1632 2084 276 4157 180 4691 4940 4459 4080 4798 2308 3607 1870 1130
4906 1532 535 454 2528 4838 2498 3958 2408 1321 2515 2924 611 2150 4602 602 3694 2291 4861 1436
2195 367 3602 4532 2349 3040 2376 2786 986 3751 3739 192 1820 1172 2505 749 2132 2611 237 3609
882 2884 4575 1689 1262 2540 3045 811 1041 4725 3053 1126 3869 341 3022 2092 1066 2334 2956 2376
629 323 1667 4840 2674 4460 2391 4469 771 693 3053 3965 3241 1531 1170 4102 102 2901 2269 3396
1950 3307 2503 2547 4894 2027 4263 248 3830 868 987 4577 28 1346 4342 2092 4387 1153 136 710
4532 1697 3647 3670 4581 2720 3496 88 4206 3758 4725 4027 1531 4533 4086 2586 1083 4033 3242 623
324 2036 3784 651 3570 3602 1112 1314 315 437 2881 3494 1653 704 2074 2074 1962 1913 4006 3141
3483 1346 3494 1203 4672 1648 1766 2414 1342 1126 4415 3058 2185 1918 777 108 2854 1283 3790 596
3530 4746 4480 2624 4941 4672 4698 2904 4912 1286 3935 659 4963 4091 4144 1632 2786 3428 981 1005
3688 4395 4854 2860 181 595 4313 1088 4131 821 1679 1530 2611 2191 892 3582 4924 1086 3448 2191
4394 811 2376 3111 4032 4333 2042 72 602 2663 619 694 1568 3674 1692 1150 961 1991 4875 1597
3513 2836 4487 1399 3028 2350 2800 2528 2498 3146 3908 4631 3549 2277 0 2755 1566 4815 663 437
1492 560 1627 4716 1791 864 4590 4668 26 2611 1298 2703 3846 271 4495 2672 602 391 4960 2474
4256 663 2444 3701 2849 486 501 2791 4948 656 4798 1906 3039 490 811 3467 3670 1112 3297 735
2312 2373 4908 3506 1382 1041 4526 868 2109 2281 2320 3846 2113 4537 4239 4080 4496 1101 1918 496
1653 202 2946 841 463 4510 1083 65 1413 3130 4594 806 486 1321 1935 520 4167 3330 2639 1178
272 2542 3273 4490 1342 4563 1653 108 3674 831 2727 570 2414 3751 4069 1881 2640 3683 3651 4052
4978 508 3703 1011 2921 1932 1494 1692 1397 3099 3408 1562 3022 2271 2642 2951 4668 2566 2775 4389
2257 1041 4012 4012 3749 4865 1041 1041 3053 1041 4289 4270 3586 4906 125 1709 4270 1448 4038 3018
4259 4270 4540 569 4779 3787 3843 2764 3242 864 4810 87 2012 182 821 4166 3297 822 885 2476
1069 1083 2967 3045 2521 4529 4993 3906 3045 4263 2355 1229 4438 3745 151 2828 3007 2637 4355 4490
4538 850 2426 4536 2733 4590 391 1992 542 2827 820 257 3147 2446 513 2854 2774 1294 4810 854
4495 644 132 1264 4504 3084 734 4313 3765 4626 3096 320 2528 1247 4012 4535 3262 2151 3366 4957
1354 1200 3307 967 4512 4214 3651 3402 4328 4535 4895 3297 1704 4149 4798 692 4523 273 3598 59
3218 193 237 3198 4677 1268 599 4979 3862 2341 3166 2139 2566 2191 405 3073 75 2315 635 940
2102 4678 1486 2191 4788 4478 631 3252 1158 1276 88 895 3672 176 410 4798 3752 1261 193 2415
3404 1750 2993 602 435 4526 756 3813 4740 3053 3366 2482 4891 266 2313 2298 2858 3734 3241 174
4259 2915 2149 1014 3582 1275 3437 4094 4978 2044 3764 1604 4307 3557 3723 4100 3539 4270 4280 879
4759 2238 1891 2257 1041 1186 1041 1417 2408 4985 622 2486 1886 1677 664 3696 3774 2522 3670 520
1914 3933 4353 340 80 4497 2998 4120 2898 218 2640 296 1593 1902 2450 2423 4505 3557 4487 1619
3887 4425 1549 2947 2061 4288 4394 1013 2191 2446 868 1508 963 4859 2443 597 1285 4333 2113 732
1840 4097 2642 2271 2949 4086 3073 3223 1782 790 4565 2414 3574 1024 4605 4890 374 205 446 2305
1537 4287 1069 3651 4279 1766 1328 1264 3146 1653 570 4481 2963 2131 4237 1306 3053 4672 4270 2733
3962 4773 2528 760 2905 3045 2562 749 3408 2237 1352 2505 1830 896 1394 464 3126 2642 1793 1424
1469 4086 3389 1320 1041 2950 4214 1012 1851 1632 2600 1508 1957 2191 479 2528 443 2079 895 2945
437 1216 536 0 4798 4333 3022 4522 4448 155 3511 3437 4592 4565 1582 3670 379 3215 4894 4851
4206 2500 1043 1104 2640 2767 1648 864 3961 2616 4395 2915 1022 2406 940 4594 3654 2528 486 4495
2775 1734 1349 3146 602 4718 2240 1139 248 24 41 4993 3363 3891 831 1465 4974 2053 2600 527
2263 3670 3939 2257 4487 3106 371 1088 3905 4446 3297 2450 233 2774 4480 3378 13 3790 737 4314
3686 4004 2378 3471 2874 4080 4649 403 2755 3108 917 4267 28 2276 3790 4917 4460 3773 3287 2042
3772 140 4096 2318 1069 3019 294 202 4054 661 1181 2149 4685 4134 1306 4978 2993 3340 734 3649
550 2613 3496 2758 2679 726 4603 237 4756 4594 1975 1098 2063 463 1150 2727 474 4522 2678 2092
106 782 2812 2860 1690 685 1667 2772 2824 672 4596 4071 474 1088 3602 3004 3387 4264 4358 602
4259 1041 2164 2191 219 3865 2074 2625 1689 2968 3674 3183 260 2756 3674 4960 1441 4086 2786 971
4628 4978 2593 4510 831 2247 2640 2624 4269 3167 3403 3892 605 1862 2471 228 4387 2408 1577 3032
245 1328 2213 3380 2361 1653 2706 3598 2922 233 3134 260 295 1625 3494 3236 1734 1320 2171 1345
3946 3494 1791 757 4798 3556 4437 2191 2652 3557 1403 3384 2092 3830 4873 853 3032 4431 2294 1749
4286 3678 4021 3939 1726 1128 605 1176 4307 2793 1748 2131 610 4487 4565 1556 3241 79 2448 3860
2435 1088 3271 474 170 2717 3357 2325 4056 2132 2699 2179 3158 4879 2481 386 4314 4269 2268 956
3404 2958 831 2109 1556 3080 1690 2671 4333 4962 3139 831 2922 3346 3620 2307 240 942 3638 2408
3171 2408 4071 4619 240 535 895 645 3939 2854 2132 1818 2905 2596 596 1041 1041 693 1627 1653
2354 1837 874 2508 1347 1128 2927 4978 3936 230 2141 2955 4506 1993 4415 1525 3678 3207 1069 841
1027 270 4690 1386 3906 3895 1138 4526 4857 1128 474 1653 1967 3416 1213 1667 4531 3146 3100 4850
4259 2399 4582 3635 4214 2016 2074 2965 1413 4768 3261 1712 3230 1098 3823 731 1203 3980 3133 859
4286 3403 2789 3525 432 4209 4461 4817 615 4144 1347 3317 2246 1998 3401 2164 3195 1155 4240 4184
2921 2380 3102 4576 1234 1667 2344 1047 2985 2572 1109 1840 4978 2770 2802 1088 984 3529 3674 3520
175 2828 612 2611 3140 3154 3471 2981 4941 364 2042 1601 3022 2570 4471 4965 201 188 2827 4240
2779 3448 3045 3058 3623 4902 2176 2061 3553 4546 2191 4868 963 1593 2584 6 1609 2827 3188 4205
3357 562 1177 2338 1635 4378 4202 1328 3258 2090 886 2191 602 3465 3311 4800 2191 889 1346 4342
