2408 105 1301 1191 1914 315 1136 1604 1494 1255 2914 1227 437 165 3820 4643 2623 1088 3243 1319
3330 3114 1681 3571 1531 3525 1600 3081 4512 3957 3408 2314 799 3002 4672 2344 3751 3378 2624 1653
1235 1692 4908 2415 1058 4763 1618 995 3611 1604 2155 102 4185 1142 3355 181 4032 4565 3075 1604
2914 4074 2508 1446 4577 2300 4523 4317 15 4267 4839 3820 42 2410 3360 4860 2972 4659 3045 4994
1537 756 97 1975 3054 4596 691 3952 3220 1653 3670 168 1556 811 2597 2434 180 4588 219 3327
4206 1970 4487 1059 4737 1328 4817 123 3228 4276 2415 2476 643 2590 4973 394 2221 2290 1280 3500
4500 1321 1698 4638 1071 2087 4076 2993 1127 4288 2884 4817 1328 41 2087 1889 2611 2829 4827 1325
4737 4270 1618 2368 2627 1067 3205 2191 4325 440 989 2457 1862 4315 3749 323 2608 227 1373 275
3772 672 112 4537 1530 2450 235 3989 692 1524 2922 4740 4133 1194 94 1738 2393 534 704 4634
4206 4021 1689 275 116 1317 2215 4598 1194 413 986 3384 530 1417 4415 3651 2581 4531 2320 1109
3262 4759 4276 3437 1976 807 321 713 3494 981 1689 1537 4406 4827 864 497 1012 2865 885 3162
4855 4784 814 4754 1532 1667 3776 1139 4032 4321 227 885 510 1012 3667 738 3943 1820 2335 3505
1156 2141 3775 1041 222 3813 1668 380 841 2788 1980 2905 698 1413 717 3146 4384 3022 3189 4786
3946 1619 1753 3522 4194 1328 645 2408 2788 602 2414 3738 3141 1087 4394 161 3987 4869 2637 4702
4206 821 2025 4703 1506 4610 2935 811 4501 2399 1947 868 870 1622 1881 4086 4287 1556 2079 4564
441 1252 4797 704 3703 4996 2616 2492 4267 166 3946 1652 3454 1622 3053 3771 1194 2302 2178 665
4775 667 1689 4483 102 1864 3710 112 3169 3057 3852 1418 2450 3751 4885 2294 2510 683 271 1096
992 4811 3613 1040 4457 3437 2788 3045 125 482 3586 4982 1689 1417 2550 2062 4798 3958 593 2517
2890 3218 1692 1788 1312 1172 306 102 559 1980 3409 522 1041 3933 1987 837 3004 1848 4095 3236
3908 4086 2090 222 3791 1049 2344 3570 62 4709 4461 1615 2220 4985 112 1328 889 2611 3582 4446
886 3831 4221 1346 495 366 2179 3556 3549 4086 2652 3852 3851 4506 1704 1328 2764 3242 298 2111
4906 4872 1531 2456 3852 704 4989 4378 2561 1277 3845 2581 860 4664 2272 3140 2305 264 4376 214
1559 7 2929 2082 1484 3451 1667 4565 41 474 1046 4337 3670 1837 874 363 1689 4326 593 1455
4970 593 2854 2294 2230 1881 419 1874 2678 4627 4859 140 2786 2320 4180 3607 2946 3045 1561 1321
2131 2441 4208 4169 3822 2242 4651 981 2191 1975 2529 2191 2361 3404 3586 1703 2856 3165 797 1962
770 637 3358 239 4270 1170 1784 2293 1622 748 758 335 241 4891 1730 4214 2450 3865 1630 4480
639 3045 3306 657 882 2779 1126 3796 3889 548 2053 548 4639 3758 4989 2905 2707 203 4050 2721
1066 867 1041 3053 3820 811 2611 2015 1631 4515 4816 1088 4781 171 4270 2290 1749 2781 3358 4662
2318 2566 233 1159 550 3184 2887 984 2929 332 2854 1681 4058 1508 1311 4208 2921 1471 2139 3946
3530 4338 254 4670 2203 3310 3347 87 2922 2498 204 3087 10 645 2922 4998 424 3601 2858 3307
3404 4672 2466 3233 4891 1471 2907 3133 1622 3555 2967 1356 4565 602 863 2683 1980 828 2139 965
4080 2761 3126 1990 1088 3900 3830 3081 3846 2826 1906 1465 41 3053 2276 1094 1328 3273 1991 819
4263 3957 2698 4746 811 962 3749 3617 3045 2191 271 895 3045 3045 2918 979 4276 1076 3852 1531
1766 4697 4891 1957 2191 1957 1582 4859 4214 2067 3758 2827 2408 4149 3990 885 1820 1265 1766 1653
1242 3990 3845 4115 1346 4267 665 4594 1142 2259 3183 4501 3647 443 3053 822 3845 363 3906 3759
4512 3611 145 3349 384 2408 3114 3586 906 2385 2376 2498 174 2531 4434 8 2611 2639 3134 2393
170 4482 989 4670 4313 271 965 2782 3710 3632 704 327 4543 4379 4798 6 597 1495 1535 2302
2137 1913 3467 3314 4855 33 771 1837 4948 1734 26 1381 4394 3337 968 248 1294 3223 447 4338
1328 2139 437 2088 3311 3752 535 723 1235 1757 3184 2358 2779 1508 2224 4596 2394 4817 1041 3574
4259 559 1659 3991 732 181 3520 3958 1328 2922 2642 4680 4616 1155 1203 2993 4487 3852 1346 1511
550 1888 4711 1136 667 4480 2294 2131 4971 3401 3852 2719 3642 2052 2368 4926 2884 157 3729 3008
1891 1791 4697 2640 4523 2698 4398 218 3977 2085 1818 3457 3109 799 2447 3813 4891 515 2581 2131
4854 3045 2854 437 341 4851 4581 1932 2049 3629 4751 2190 3960 1653 850 4240 1579 1418 3438 2133
889 3751 2625 602 4810 3908 1508 1689 260 864 526 3777 3190 602 437 2165 3926 2679 2922 3186
2111 1528 3077 425 4687 4983 1476 3944 4246 2394 4911 4350 551 15 1471 1140 610 26 3587 1069
1653 4086 15 3332 749 2699 1059 4737 1041 3163 1066 1346 784 1035 286 4263 3001 2611 1627 4749
130 780 2320 4399 2678 1301 2756 1653 1005 3184 280 4741 2631 3678 408 602 2084 2133 2860 2860
3651 1259 3220 3847 618 1731 3236 2014 2666 2473 2321 3208 3535 2191 2191 2611 535 1571 1731 4267
2935 4252 3124 28 4086 436 2613 3556 4876 2027 4639 408 3908 3022 4263 3509 1346 1275 4224 2627
1521 3933 2074 1268 1689 2041 312 4396 2415 522 2414 2408 1549 602 782 3223 1208 2848 2357 1537
1808 474 2889 1293 1328 4962 1604 543 3651 313 3635 4263 1609 2067 4686 4333 2408 4387 2553 3556
4206 2993 1906 3045 4615 1382 1041 2652 2775 4195 2176 4495 1951 66 4263 704 1791 2061 2640 4378
4637 4500 4596 1147 4850 3611 831 3813 4672 2521 4004 4403 337 4209 2611 2187 3164 4753 2102 2678
4209 4781 618 3811 599 2854 2547 708 2083 3790 1268 4378 128 2598 1813 3633 4372 1235 57 1129
886 41 3608 3796 2393 1969 988 4753 2993 940 501 3496 173 2950 3159 4670 4668 4577 2631 4501
708 4240 3790 1041 2552 4594 2391 3144 2166 3488 1845 2308 2536 3513 1862 1088 218 394 3212 3555
464 1522 2774 3642 4089 4575 1242 4879 1418 1653 817 3242 471 3175 2030 1855 2450 2611 3053 3765
15 885 4125 2668 1667 4480 1136 270 3241 1321 1839 4031 2191 27 3756 1375 4446 3547 437 174
4010 1172 1808 4914 3683 2290 1373 2824 379 3453 4076 2285 2897 141 4653 2860 1627 296 811 2191
4296 2642 3169 2727 453 2584 4270 4289 2155 2482 1681 2459 2817 1027 2132 2611 2294 2131 3045 4616
3045 4941 2503 3306 2450 4702 4314 2773 1667 4565 2890 2839 2640 1345 3415 885 3756 2921 4289 125
1030 2520 3039 237 4820 2993 1310 2345 2826 3727 1280 2611 4670 811 2294 235 966 694 1482 4707
4206 2191 1571 3139 2178 28 170 1991 2408 3190 1045 1699 1683 1328 966 2304 3293 4159 3678 1027
2374 1881 4012 1107 1700 15 4342 1881 3958 441 4012 384 4214 4122 1674 2611 1328 3258 2302 687
