3682 4763 3760 1286 2137 2320 123 140 1918 831 4144 4519 4480 117 2824 3390 118 3363 4952 2038
562 1432 4195 3271 3031 32 4810 2528 1040 1328 3273 945 987 4034 3830 4449 3279 450 3740 4891
2963 3156 3494 1891 3205 1635 2920 2079 2550 1929 1632 4288 1889 1055 4859 62 4151 1253 3582 602
3463 1136 1664 1040 4565 2294 167 2385 1707 4364 868 692 1604 3670 659 3006 2988 821 3250 1061
4205 1700 4484 379 165 638 4576 1559 828 3940 1041 4089 1524 1041 1041 1041 1041 1041 4195 2562
2727 24 3837 3404 2139 1519 4989 3772 1914 2805 2294 149 3586 3019 3996 4546 2191 4546 486 1320
2446 304 1885 682 4234 0 4798 4276 192 4827 3513 4860 1789 4698 1188 1538 197 4484 4446 885
3422 3161 599 4269 4565 602 2704 4672 4379 1052 2380 3146 4402 4047 1550 4587 4342 4891 491 3502
3045 3130 4044 1588 4602 3772 4140 57 519 3275 1039 2678 2481 1793 3071 1618 2178 1041 3053 2528
4836 2528 1537 1969 486 3790 1098 4195 1789 961 4496 2178 1627 595 557 595 3478 165 733 3261
2137 3370 4086 1663 1689 2399 2092 546 2472 1417 4205 1561 23 325 4153 3133 2922 1426 2505 1646
2240 4004 643 924 4263 1133 1506 4066 3477 3053 3014 3053 2498 4596 476 4716 1005 1643 2302 241
1993 645 2462 1872 2863 405 691 4149 1488 1689 2668 1556 2678 42 3130 522 2727 841 527 2797
811 963 3670 3939 2391 4504 1350 4110 3187 1511 2588 2131 1452 602 4307 3674 2712 1325 4897 1471
4004 2087 2900 505 2084 3372 3525 2982 2390 867 2203 849 925 4379 272 333 2060 3555 4757 149
602 3674 4984 2358 4339 2611 2218 1929 2191 2843 4707 3840 1507 4532 977 4664 2294 3076 466 4707
2391 2176 4891 2037 4205 3537 2790 491 437 4014 3682 270 1970 4487 2025 2191 1582 3628 1328 468
1672 260 2089 4185 4872 3143 1058 3803 2139 2528 4446 2499 2113 1932 1840 486 3505 4906 1953 1287
1954 1328 2101 1232 437 704 4668 1041 1041 1041 1041 4415 1041 3053 1690 2435 4502 827 3053 1088
1537 3023 842 3957 322 2674 1590 960 3670 4952 3523 811 105 647 1840 1818 2139 3437 4504 0
3647 766 3771 1041 3053 1840 1582 1044 3297 889 2375 497 2036 3404 1393 4123 2410 3936 535 3236
726 704 3758 2276 3114 2393 1098 497 4670 2179 2033 2611 4522 3146 4441 2322 165 4098 2294 3311
4259 1522 602 3546 1667 3850 3967 2704 4855 1791 1124 942 3045 195 3957 1711 4237 2993 4080 3306
1172 2453 2828 2082 4263 140 535 1147 4587 1214 1154 3597 1980 2048 2613 4773 2558 3894 3317 15
4259 1182 2741 3494 3305 1132 379 870 3471 4415 4381 260 2954 112 831 2305 4256 439 357 1906
3852 2570 2083 4586 2472 3138 4987 2176 2049 3977 341 4280 3365 1627 735 4076 864 3305 1458 4317
4259 1432 1041 374 4001 593 2914 1531 4105 2394 4482 422 3039 1704 1140 1041 1041 1041 4565 2092
2139 860 2360 3022 1686 3014 2971 2613 399 1749 1760 4000 3053 3348 4333 3718 3242 4003 3561 1556
3683 4362 4052 3266 4071 558 4333 1474 2219 437 500 704 2683 4891 3022 3714 4283 1606 3586 1328
4263 294 3986 2237 174 2644 1823 3847 1177 205 4125 381 3289 645 2992 3226 4855 3641 198 1033
1031 1012 192 1708 491 1972 750 123 321 3530 99 2408 22 4994 1289 233 2470 4555 4315 3146
4500 593 2220 174 1679 4817 1328 1364 520 2250 2774 2690 1323 41 3758 1041 2484 1736 3437 1698
4259 595 2408 966 3272 3578 130 2450 2450 4263 1531 3674 4602 3670 4487 1749 4014 4718 2498 282
4672 1066 2482 2630 2139 605 4263 1781 4014 693 527 4086 4149 2474 404 4817 232 1511 862 1969
511 266 1653 4519 4144 727 4994 1166 1136 4270 1272 1041 4364 2950 4757 3148 1717 3223 3218 2074
2843 3241 4313 2810 4906 3332 977 4580 3329 4214 4890 1494 1159 42 2049 687 4604 737 4946 2014
1891 3834 1757 893 42 1192 1312 2543 1404 4128 4446 2611 114 1458 2592 181 2090 1794 2611 3457
286 2600 1837 4501 3305 2087 501 1184 2521 24 3134 4393 1244 46 2905 1323 1234 1373 3751 3991
4206 3146 3451 1643 2761 2564 3250 1813 2678 3053 2860 102 4305 1426 2905 171 1172 1679 233 2774
4269 4526 3212 3849 4707 4287 4333 4839 895 4851 3073 1164 2706 4210 1667 4855 59 4513 1345 1286
299 3156 2533 3287 1893 1881 4263 3796 280 4515 4052 3004 3366 3751 4880 437 3240 2713 450 2789
439 4339 3752 981 1328 4378 1001 4827 15 1129 3306 2450 1856 1802 264 1514 1969 4438 4166 252
4759 2947 2292 692 1845 2735 1441 4817 2611 4562 2566 3989 3384 2949 4083 2079 2696 3821 1891 737
1692 1683 2191 20 1234 3813 4583 486 3404 2678 2685 4891 849 3880 165 4339 3053 3053 2479 4987
4829 4379 4239 4133 3226 4415 3582 4086 895 1667 4333 4565 4446 4951 1932 979 4438 4798 4131 1993
3464 2385 3397 123 1757 1592 2849 432 2414 562 1090 364 398 708 4926 1214 3658 1932 1990 2564
4500 1460 4259 2102 1041 2884 4569 4680 182 2338 4352 1617 3189 1717 4851 4002 3920 4368 3159 4926
3550 2640 1661 4480 1862 1067 3612 2271 4824 2552 2195 4123 2467 2408 1663 134 3607 1362 864 4537
2075 3920 4396 2191 1951 2408 1248 3908 3739 1621 1537 835 1346 821 1194 4080 1840 4325 2195 4781
3946 1294 4962 2610 2450 2782 535 1789 4965 3505 602 381 2100 2416 3949 1734 227 3992 4312 3317
4817 1962 452 556 4198 3695 4540 3790 2415 379 3053 1088 4208 4327 1439 545 397 62 3557 1413
3946 4927 1909 1376 2514 2917 4537 1951 2178 1058 2508 24 2246 171 4757 4379 4707 4990 260 2092
4004 3685 99 4263 751 1532 2920 68 1066 1088 1906 4670 3846 2602 1635 177 3603 870 387 2721
4259 1150 4325 1438 4662 3578 4153 1667 4526 2946 1346 1041 1041 1041 4195 1837 1837 2615 2739 2611
1066 3376 4387 2074 1156 1027 226 4914 443 376 2071 559 335 3703 3045 3241 3006 2960 4891 32
860 2611 2191 248 2805 2812 2586 4011 4891 3310 4956 3022 856 3632 441 4342 728 1622 799 2130
4353 170 3811 2935 1789 4484 1593 1813 602 3327 4872 98 868 2663 4894 2755 3146 3019 1679 535
602 4738 4305 2131 2220 162 602 2027 744 2824 2294 737 2246 2191 4551 1215 2738 3171 474 766
1976 435 2164 655 1691 4523 2521 947 1941 2441 602 1600 273 1040 3340 4131 2477 4144 645 1774
2312 2908 2397 1667 2521 266 592 4368 3986 1647 2446 371 4820 4255 3683 2202 2903 4908 1514 4718
2827 4523 4469 3370 3960 2511 1088 1011 2993 1891 41 811 1667 258 41 3015 1774 986 140 1886
4206 323 1749 2321 3096 1463 885 4603 1839 3756 3831 4957 15 2611 1453 3411 3845 956 1328 3617
3530 4872 3351 2884 203 2552 2512 4565 1232 4855 863 376 2128 435 2611 1153 91 1294 4415 3306
2363 2295 2298 325 3891 1071 895 353 3189 2613 3218 4366 2727 2611 2920 3401 2334 879 2628 1041
