4717 924 522 773 544 2015 1377 1750 132 2124 3222 1702 437 4597 4798 1820 962 4978 3751 3758
3734 3613 602 0 2521 3408 4252 2727 1088 3503 1102 981 535 3494 3053 2699 97 3719 3958 3434
1058 3790 2252 4080 3556 1577 204 15 595 15 0 2176 1294 1401 2191 464 3494 273 3268 3939
1848 2030 831 4259 4263 2611 3053 3220 211 788 1844 3678 1726 2932 2482 1739 4340 2738 174 2426
1885 3933 1223 3332 4606 733 1935 2437 4114 965 2863 2191 1861 474 3214 9 2802 435 1047 3058
4205 720 3469 3130 3790 3003 3727 3448 4575 3818 123 3228 2528 2903 3005 961 2408 2756 3761 1375
2314 2786 2639 1405 770 3651 4798 1294 1720 2791 374 2851 738 2199 2191 24 1600 3619 2611 188
2694 2 1667 4084 1820 3081 767 521 1263 4751 3482 4029 1980 437 3081 4411 3045 3341 3378 1741
4206 4480 987 355 3772 1851 4056 3960 1793 1417 2042 4321 1667 4565 31 685 181 1262 4302 2191
3468 2434 74 1835 860 2611 4818 1294 3045 2498 3628 437 4352 2856 1328 3238 602 798 3556 2450
4415 1199 4531 1575 1083 888 2118 637 4924 1796 3927 2304 4616 2164 2302 1479 2343 3279 572 2482
4259 587 3407 4258 2595 1874 4497 1211 77 1929 1537 3586 1622 2905 3962 646 1413 1441 605 4378
1175 4482 1439 1041 1041 1733 1131 3133 2664 1476 1488 3852 1346 4788 3908 1452 885 4928 4794 4827
2612 2087 807 1885 2385 2200 4775 2498 2640 2972 1088 732 25 4798 862 3430 2889 4798 2456 3505
1235 4097 1700 379 1530 3587 4461 4851 1648 1157 2843 2472 2332 789 4125 2503 1286 4523 1228 4205
2905 4756 13 1784 364 3850 1199 3068 1317 3685 1232 811 794 20 350 4286 2030 2176 3413 286
3436 189 811 2780 546 4255 3535 463 4906 3451 1530 1653 708 2561 2611 2166 3611 2834 4532 1569
1808 125 4827 2102 136 1328 4798 4511 248 3187 1980 195 1083 1639 22 4503 4337 874 1788 3293
2344 4279 1223 2992 4915 1840 15 482 1203 4542 1530 1027 1677 360 1915 4342 441 4691 831 2298
4739 1421 336 2814 4403 3630 501 985 278 4469 3767 4456 2668 3682 2374 233 4471 3790 2893 3009
3212 4263 1530 315 4670 2313 3672 40 1664 3858 1453 602 3482 2914 527 3661 2191 1667 2057 547
1347 2408 3190 2082 341 720 4538 4044 732 3986 2191 1548 3688 1365 2890 3172 1608 2993 940 2611
2082 441 3094 3813 1689 753 2298 334 415 114 2364 374 3929 1731 4446 446 2191 3272 155 1636
1041 2338 2295 610 432 1235 1864 2617 4597 3086 2017 1346 3790 146 4897 285 1203 4565 817 1969
3994 764 4128 4270 871 1494 2074 1621 4668 13 3776 1139 182 515 1679 2321 1142 1346 1861 1889
3171 3651 4504 2280 1352 2257 3045 2938 4344 1156 3045 3508 1562 520 1531 978 2142 941 4311 2849
1381 4030 2623 1820 1413 466 2826 3365 1748 4086 1582 4670 3413 656 1532 1447 2481 1495 828 1309
4029 4550 3779 2511 1531 474 1774 937 618 3989 4147 1254 3994 2124 1328 1363 3272 1492 2288 4523
148 1598 3039 204 2760 123 3682 4004 4781 4891 33 4295 1643 1522 1460 2290 3959 4978 975 4817
4206 3268 3996 821 1531 3961 885 2408 2788 2634 4817 4877 2119 4670 1692 1455 811 4751 15 4598
2905 1556 4140 1424 4598 4496 4979 1664 1980 4843 4852 413 2029 1179 1658 4542 2661 87 378 1090
4206 821 2634 4855 4983 3050 2922 4694 2874 436 3408 1330 2793 576 4166 2426 704 2686 2298 341
28 2528 811 3674 693 2408 688 4817 105 2030 3439 3813 4707 1704 4908 3946 4511 3830 3492 1667
4602 667 2839 871 2351 4501 1321 2564 4817 596 1981 45 378 4855 2391 970 4753 1351 2820 3259
1312 1510 1406 1793 366 3506 201 543 3670 4469 4111 1872 1136 1592 3148 3225 3306 4269 4012 1980
4206 4360 3739 4594 3444 3125 4698 4396 4355 813 2238 4891 59 2602 2191 146 451 1306 813 1582
1808 4500 4891 3816 2560 4970 1346 4313 3564 4851 1667 4725 80 3647 4043 112 789 478 174 4855
562 4263 2139 3565 2477 1643 2049 1373 4859 4011 1530 280 4097 248 2271 2220 1278 1556 2666 203
2217 831 1685 1537 303 3770 2602 782 3744 1235 2216 3879 3607 3685 1996 4314 2777 275 1690 3990
2077 4555 22 4344 869 2166 3006 2952 1527 89 2194 181 2936 2605 3986 3546 2204 3748 4891 4375
2478 1068 4241 704 4698 1760 2075 3925 4565 3652 2595 1024 155 3224 4198 3404 376 3813 4446 3611
4962 4229 2131 280 557 2411 2131 723 4897 1906 15 2879 275 602 3415 4967 3830 2110 1667 4686
2354 1653 1306 1528 1124 4061 3035 2280 3207 1147 2215 2922 2828 4668 2474 438 4065 4313 3053 2528
1504 4891 474 2450 3547 2631 4016 2179 4678 3404 2294 1112 1367 3283 1858 3045 3939 1041 463 3991
3737 3161 1877 1141 1277 2524 2922 4415 2747 4454 2106 3778 4604 2876 571 3241 1494 3739 1214 2564
4737 272 23 3178 2441 3982 305 2498 4444 1610 3408 1818 965 1016 1524 4891 2854 3556 1889 2543
2054 4111 1041 1530 3597 1991 140 4556 541 2450 3678 2719 2441 3161 1214 821 305 3106 1582 1494
4010 1041 605 535 271 1494 4330 4779 4978 3865 3623 2674 2126 275 2470 4014 4260 3428 2564 761
602 2166 3045 4338 2856 3243 1346 1184 3053 432 2791 4040 1242 710 4590 1142 2570 704 1312 0
23 4891 889 889 2822 3804 4942 1141 1199 4957 1794 173 4548 2191 248 4551 3927 3671 2220 4542
2977 2667 1140 1041 3710 2856 3011 1521 3023 3411 4444 2481 4629 3494 2446 4960 3647 1881 2288 2948
2890 4209 3494 125 1069 4581 3457 2259 541 3272 2723 2914 4798 4087 2037 4501 1178 820 4039 2415
175 2178 3310 2164 2837 4415 2031 651 1962 2459 1310 4941 3820 3551 2778 1932 2053 1005 2126 4078
4315 223 2268 3650 1004 2961 981 4446 3578 1088 2415 1132 4441 1159 3541 2611 1458 2524 2393 2077
2439 2087 2304 4151 364 534 2280 2932 2838 301 1921 2924 3906 3146 2657 708 2812 22 3629 2807
4263 659 2393 1088 1690 2574 2408 3020 3403 3738 2393 223 3411 2338 4597 2727 663 4315 3724 1089
1913 3647 821 4130 3389 817 4860 3852 831 4209 4127 4378 2596 2993 1184 3439 668 4860 2568 4962
2788 535 2668 2067 4913 1632 4435 522 1304 3552 2149 2827 1159 1525 4461 3858 329 2220 965 4346
1739 1083 561 252 2432 4799 3240 544 2876 864 850 1665 829 486 2294 778 2385 248 285 3608
3674 1692 1110 4137 4934 1692 1099 2191 2450 3549 3401 3444 3760 443 1041 4364 3927 4214 1550 4523
2483 4492 922 1851 3790 1072 4086 651 2400 3390 3908 4576 106 3081 3671 4418 4461 4876 938 280
3653 3340 4271 4218 4319 3441 2764 3781 4496 2639 3004 885 3387 1311 2999 4919 3045 3019 1913 704
2178 4784 2922 1627 964 28 3607 3958 4248 3429 1719 1593 1099 2865 1494 4957 2699 3324 2320 3332
1416 1326 2827 2109 478 1679 4972 2800 4000 1346 4317 2298 2298 2305 4523 4796 3851 473 3146 105
