1416 4097 3236 2854 3834 1294 1820 4263 373 4610 1325 349 1100 42 2642 2905 4102 685 669 936
4855 3521 2294 2738 3177 4199 647 187 3388 3851 4530 2678 1083 2176 889 4284 1510 4327 602 2090
3820 2827 3212 3246 4442 868 65 2922 941 1022 1881 501 2993 2266 2609 1667 4565 4351 878 4560
15 143 4565 437 732 684 1127 4994 1478 4089 2065 530 4604 1601 4195 4012 1592 2058 1561 4751
4134 3746 1749 3556 4681 3147 3651 4270 4983 525 1828 4565 4117 1392 4012 1256 3896 3228 3241 474
2363 817 3830 4709 4862 1841 2909 3658 1324 2993 3946 3134 2788 704 2509 2824 3048 1862 963 3372
2344 2294 1667 2088 1518 28 3996 3586 1889 3059 3892 2191 4427 4282 4983 379 4319 4615 215 3233
2962 4010 865 2471 4851 3045 1980 2388 3223 1714 1954 3715 1397 105 151 2197 3852 2081 2600 1601
3306 2081 3383 2730 171 490 1040 1041 1041 1041 2259 3439 321 2546 516 1083 1679 2218 151 3384
1050 3674 333 1150 27 4412 1689 2663 4530 3792 255 114 1088 3986 341 1768 3252 732 3332 310
4270 4670 4202 2092 4798 4827 2652 29 272 3604 4873 2440 2308 2552 3295 2552 794 482 340 2343
3908 4270 4289 4867 4604 4469 4333 3855 2388 4602 2407 1334 3453 1870 2976 3248 1983 1987 2298 3636
2962 4827 3830 2347 3760 3855 821 4805 3223 2242 708 1301 3505 2031 3541 1199 2474 2408 878 2164
2113 3081 1889 1530 2294 953 1046 4354 2059 4716 4855 3215 1088 572 2087 2294 3937 2704 2332 4631
1047 4672 2963 1759 1136 2591 4446 4259 2701 523 885 1891 577 2696 1818 1632 1502 2133 4314 3002
10 3383 2652 2993 3674 4076 3073 1486 1891 2611 1014 4014 346 996 4333 3897 2454 2057 486 4313
4374 2611 1619 898 4523 15 1659 4756 2468 1893 2079 287 3737 4141 3670 3912 335 2564 4779 756
4259 4259 2292 671 2972 1689 3004 4796 2679 2611 3365 2211 2737 2136 2191 704 3413 544 1090 706
251 852 3053 1041 1627 4214 4619 809 4716 4122 3727 3332 3908 1870 2889 1773 3777 2399 1166 3471
2579 964 1088 1617 4201 2133 535 374 835 41 3052 4817 4845 1827 2176 1078 1308 2298 3878 1872
602 1346 2922 2137 2271 254 983 4598 4543 1094 359 2002 3750 4215 1292 1223 2027 568 3180 4271
3852 4158 4976 4263 2757 1233 4966 114 4659 4089 1918 3823 4953 0 1294 3996 97 3769 4968 1041
2733 659 3370 4694 1205 1088 1214 3045 3332 2042 4930 3091 3358 3053 2632 636 2890 2394 1602 1559
811 4810 827 8 42 4796 166 2857 877 2408 569 4557 4058 1041 4565 3939 2727 1734 1622 2517
1653 3969 2788 2788 4681 1344 117 3946 2053 1033 388 4357 665 474 4086 2200 868 3550 1342 3760
1731 1328 2036 1844 4851 3045 1471 1138 879 3674 767 645 2646 1925 1913 618 2133 3505 4895 4037
907 1131 2294 4543 1121 3236 2761 570 1759 889 305 1734 2982 3404 2222 3752 4763 2178 1425 4246
562 3311 941 2113 1301 4784 59 3134 262 1522 433 119 4855 3429 868 1837 2942 1692 4725 4213
1925 1164 1689 4647 4375 618 356 2640 2898 4855 3711 704 223 1097 3565 1784 997 4974 3791 3053
3502 1604 4879 204 1452 3341 2507 2828 3022 343 3521 941 1321 162 1067 2912 2757 3908 4295 4469
1050 1600 645 4990 3758 4415 3053 4379 1589 4287 1889 501 3453 2817 4480 1572 3014 3852 1205 2674
1083 232 1929 2993 181 2414 2640 3494 378 4259 4855 2611 3045 4623 1465 2393 1067 2180 1439 1107
4286 4229 1235 4978 2528 2918 4543 4672 1734 2856 1328 4714 1328 1002 25 4827 1334 2674 2694 4750
505 4565 132 3751 2717 1140 4829 3448 181 860 3651 1663 698 2611 2031 2527 4032 4694 4071 2027
1066 989 1754 4542 1214 1056 3241 1535 3339 2674 1679 3091 899 3320 2450 895 2505 3551 438 3467
3212 3670 2101 2414 1830 22 4056 2628 868 3223 3447 4576 2179 2965 301 1058 2225 1786 2865 1203
1431 323 3053 3683 2374 667 3760 885 2288 4314 3564 3330 2195 4876 1413 151 4505 2949 3494 1025
2150 1757 2775 1753 165 2135 1561 1079 15 2854 549 3283 1127 1496 166 1980 878 862 889 4495
2498 3674 3364 2276 177 3566 1235 3014 4442 4702 4769 1150 4603 886 222 1098 2696 3053 2185 3076
562 2294 2407 694 3632 2434 327 2124 4000 364 3746 3906 2450 2764 4906 4307 1088 1667 4381 433
4259 1432 1328 3223 4619 508 3557 980 1041 3189 1886 3014 2378 2945 4319 3989 2090 4861 1866 3846
28 862 2641 1542 793 2652 3420 1041 3053 3058 2139 3444 3465 986 4670 2655 1941 1791 1465 4041
170 2074 2074 237 4267 2482 41 4978 3965 4032 661 2295 3586 811 1371 1412 4829 2922 2505 3670
3404 527 4855 2865 315 4346 1203 4565 862 746 4989 3341 691 4333 4318 2191 2074 4618 4817 1885
123 3282 2865 2827 33 4097 3727 4829 2914 4313 882 3451 205 602 204 4400 2634 1128 3053 1041
3287 112 4670 1491 2408 917 4010 4803 3081 1498 1098 3453 2087 552 77 1881 2640 3053 2828 1891
1083 4379 2774 105 2676 3611 847 3675 2131 4402 535 4543 523 3053 3710 4446 1167 1592 1324 2191
2067 1033 515 2312 4885 387 1906 4408 1288 2414 1579 3716 1796 4940 237 4276 1709 1126 3295 3846
3246 2191 4978 4214 572 1133 1743 3383 2272 3710 3242 1156 2363 4597 181 2963 4097 2573 3845 3053
2867 527 748 2240 4694 3207 1858 3994 2276 1128 146 4010 3168 1346 4469 2922 3262 1102 4415 1844
3561 3186 4185 978 3358 2965 2826 4772 773 544 2132 3778 1932 3730 1575 2391 1064 201 1363 6
1313 4498 1749 821 350 2030 2036 602 517 1667 3535 1286 3223 4542 1098 1188 1891 1891 3774 751
3667 0 1692 4401 1600 1994 4702 3053 3288 4543 3057 1862 2407 659 376 4786 2938 1253 4263 2492
2570 3338 2315 4364 1158 1328 4149 1098 2414 4756 4512 552 871 1424 280 1349 443 2501 1504 3413
3404 4641 4814 4086 1786 879 535 4974 3639 3958 3498 3611 322 2036 65 3178 4054 4797 3093 3678
1993 885 938 3926 3699 960 3607 505 1203 2499 4446 535 462 1346 1041 3451 2113 608 4906 1436
1559 3480 1140 1655 26 4352 3241 4035 956 4011 2727 2611 1184 2030 4232 42 3935 746 2481 3332
4263 4586 921 3428 1139 1582 3378 2528 4855 4375 4319 65 2160 4369 1857 4941 3901 4709 2761 3366
1203 3054 4756 4976 2727 2611 2246 602 305 4877 1837 1088 1067 2528 470 13 4916 1047 1934 1556
3009 1222 1791 4563 4086 91 1375 1289 2298 1121 878 3992 2203 4757 4847 2528 2661 1373 1842 4076
3378 4415 1689 643 4333 3557 4467 381 4086 1653 2482 2286 4698 3927 2849 2136 704 3582 1346 704
4316 132 708 1453 2089 508 436 381 1205 1058 2408 1398 1072 1619 4415 4105 4259 4128 4144 2756
3246 2191 831 3776 1349 2450 1889 2836 3236 1150 3045 715 1232 874 2215 1667 4337 508 4896 2344
3760 2163 591 2828 1046 3259 1270 788 4857 2074 3631 3996 1458 4449 1308 2443 3388 4830 466 1487
