1354 4270 655 4817 1041 1041 478 1571 2394 3146 3246 1635 437 1041 1562 3223 559 2611 4043 4469
3933 4694 1413 3170 4423 438 2879 874 2292 4891 4552 248 4255 186 3045 4565 558 180 665 3093
3734 2941 2584 4021 395 2472 2394 181 2211 4010 2900 1136 588 2860 280 2780 1808 3751 2612 42
3473 4039 1381 4231 2738 2849 535 1627 1766 4678 4119 990 2038 437 2239 2179 3133 2789 4532 2195
2431 1653 2552 595 181 1244 602 3457 3908 2979 2136 1987 2458 4906 1510 2839 1826 1203 4027 2408
3946 1632 2538 1784 1413 4338 1704 1861 4144 2246 4879 4480 2191 4263 4803 4772 869 4987 2440 3905
4206 887 3306 4250 3273 2644 4999 3682 2272 2102 1083 2611 466 2191 1453 1233 508 3910 2779 1076
1537 2788 2500 3565 1223 3053 3977 1214 2611 692 4565 2374 1253 2849 4240 2294 2444 1743 1395 1885
2612 3150 1417 2884 809 1155 1294 4596 1861 1793 2556 3053 3190 1324 1324 335 3053 1774 1058 2131
4004 2444 1707 3891 2215 2611 1083 81 4718 602 1346 1362 821 2005 941 4353 280 3146 4565 3729
1006 4270 4289 4682 2822 3678 4511 3053 4379 1716 4012 3419 4891 4473 965 1107 1045 4049 364 644
4206 1731 3390 3900 1366 3667 270 2716 2860 3394 4781 4523 951 4478 4403 3830 1709 3986 3061 2061
3677 1913 4415 3494 2399 1495 1107 3719 4086 15 3248 4271 4817 3022 515 1233 1045 1633 4259 2596
2131 593 4672 2611 4089 1336 2613 1582 1622 123 520 4598 4330 2856 2132 3525 634 1359 4042 4526
1537 2611 550 2853 1704 2922 48 3852 981 2176 3372 2195 3587 3413 31 82 3903 1653 4851 452
602 1537 2408 2608 2481 1653 3525 1697 1507 1045 761 3578 2384 1290 971 3447 969 1253 4445 3561
3550 3758 2433 275 28 2528 2061 437 4378 961 3147 3404 3563 4321 4896 4495 940 1078 2629 2500
3404 4565 962 2828 2216 482 2760 4794 2383 227 4378 2320 2993 3908 3505 2818 1561 2049 4891 2717
3454 3241 381 1244 3751 2564 3212 1418 2131 1906 948 379 868 1214 3106 2215 885 2393 2978 2191
2430 20 4596 3465 244 476 396 3146 1767 2527 713 787 94 1698 813 1199 843 2727 3685 3053
811 794 4480 1448 486 419 3584 821 4333 2079 1244 3045 180 1548 1064 2331 4604 90 185 1881
4062 2911 2507 1055 2166 1621 4111 1294 3494 1951 1494 4239 879 3861 4768 422 3780 4963 1973 879
4206 2449 4438 4012 751 2388 953 2778 1088 811 3703 2082 3045 2195 4269 2803 2134 3087 240 1150
4206 4850 2632 3678 3168 1346 83 988 2914 704 4542 388 2492 2897 3729 3751 1864 3482 2176 1709
1549 4066 462 227 2079 3583 1064 2793 2159 2111 2747 2611 105 4195 941 1654 4315 4936 4926 3678
2962 3125 708 219 2611 4100 4868 287 4596 2435 1653 28 4849 2737 185 4522 400 3341 3773 4586
4906 1885 1848 2631 2302 2733 562 2176 1709 4064 4534 2435 4504 4703 3513 3228 474 1582 2450 2954
4237 737 3674 2856 4565 399 2084 2678 3125 1161 125 4855 535 2191 530 3053 4914 1140 1788 1866
4206 2239 2742 1346 1484 3666 2611 745 3146 2191 4914 1861 4830 767 4487 3045 4772 437 698 4859
1917 4208 4209 2178 2732 22 3259 1321 508 989 4412 626 4472 1717 1789 3473 821 301 349 2444
639 486 1141 1182 3045 2689 2323 4978 2593 2886 957 3678 1806 1667 953 4854 2450 4817 2611 2963
2435 2611 3701 10 2807 4312 3105 2238 2556 4342 2993 1931 1861 3146 88 41 3202 556 887 602
4705 3678 3670 1194 2364 4829 0 1448 3401 522 2922 1215 1609 896 2450 3652 4615 3409 817 4941
1988 1098 203 574 2082 3019 3502 3950 4914 2364 3899 4221 2823 1734 215 3530 3758 3021 3958 1405
4206 2921 2191 125 2081 3053 3401 3758 4313 3572 1041 3222 4565 4447 3587 4398 447 4189 4692 4891
354 2408 799 728 1041 3073 2922 1128 534 1627 3647 4097 392 511 2164 3412 3791 885 4270 4897
2478 4004 4662 2049 4572 2727 2446 692 3557 2191 2611 1578 3579 3223 2074 1187 2764 1208 4817 2727
602 1653 4239 3647 2499 2450 379 2238 2849 2611 4127 3059 3583 215 4378 933 1041 4565 1689 3845
2962 2311 3751 443 3053 335 2209 3760 2414 3845 3465 2642 315 4880 1653 2922 2963 4658 3327 2302
2311 437 2137 1582 534 1446 3721 781 3346 3182 466 2191 1000 1328 4896 2178 685 391 3525 4526
4779 3617 593 315 3729 1550 1556 3226 2722 1692 1446 4477 139 1443 1531 2922 3980 3682 3683 1889
3872 4565 4166 2854 3583 4698 1208 2313 4668 2472 4042 123 2832 1980 4919 4437 2027 3292 4827 535
187 2779 2856 2125 2308 2742 1286 4839 2131 4641 4446 2496 4014 342 1142 4511 4855 4677 1039 636
4305 1439 4370 1321 3575 483 273 2048 2993 3756 2191 4411 1069 1507 27 1235 4698 2774 1872 4855
3027 2775 2482 4565 2745 895 3033 896 3401 3222 193 3981 2139 4480 4983 2439 1426 4387 2191 2358
3933 2794 2993 2564 4960 4338 4180 4012 690 2610 4510 4703 3004 3639 1864 690 925 4364 4263 254
2477 2903 3268 3670 447 748 1178 304 1677 3845 4639 1840 3045 3215 1882 3415 1856 4365 3791 3965
2826 4263 3167 3845 4392 1532 2458 1663 3001 4814 4957 1169 3167 1626 2721 704 2056 4817 452 2292
4206 1413 3508 3513 1592 2072 360 4285 1880 713 2860 4157 1895 4851 1667 42 2727 842 2689 4379
4263 1726 1413 4796 545 4432 3600 3509 4352 2725 3483 2364 149 2176 1878 1567 3043 1538 4270 3505
1808 15 2446 233 4482 4012 535 3372 669 2450 3906 593 2641 1622 4256 1624 3670 130 2516 4342
3389 323 2334 3311 2633 934 167 3128 3823 2764 3218 2092 4110 2820 4270 2922 953 1040 4937 4425
1083 4069 4355 127 1954 4651 2888 4069 11 1476 95 486 2905 3226 3927 2294 1363 4629 602 4446
2687 4877 1293 1277 1726 3242 633 41 1511 4086 4557 443 2922 482 2733 1753 3465 602 2827 868
3045 1346 262 4307 443 4798 1294 2611 1359 3223 515 4765 486 2505 1906 2481 3150 3303 3242 744
4206 2139 123 4978 751 1782 1041 1041 1956 852 3053 3811 2919 2036 3647 376 1046 800 3678 2862
1653 830 4744 3038 2634 280 940 463 3465 3546 3236 222 4987 3081 391 1033 2295 3833 2696 4668
2640 4389 1203 4565 2191 2505 4997 4243 720 4743 3908 366 3311 2053 4741 3045 1588 3866 1653 2344
4206 821 123 1572 3846 669 1689 1726 4034 1046 4378 4402 3130 4263 3670 1848 4908 416 2236 4670
4259 1842 1775 3212 4621 895 821 3228 4052 4209 4149 1071 3264 3978 602 1726 3683 1210 4832 588
1191 2009 1106 2572 1088 4696 4378 3134 452 3978 2611 105 1625 1381 2528 726 1067 2408 4892 1712
3530 4855 1338 2460 3415 2162 923 1088 274 4313 1214 604 3685 2743 2176 4765 3623 2553 636 4891
3194 3428 3612 3470 819 2027 3448 4619 1343 4435 4097 4415 3475 1895 2504 4086 15 1708 2391 4874
2478 3001 4495 2890 4295 1643 15 704 4003 1750 2268 3478 1969 3687 667 2696 4496 1012 1970 4487
