602 508 62 4469 804 1321 2126 2874 4012 535 706 4044 1108 4891 4252 1531 4537 614 1120 3672
223 343 704 2268 2890 4727 879 1522 2863 1973 1833 3827 2738 103 2272 2504 4012 2611 1325 4263
2722 760 3331 4270 4289 2325 4415 2528 1076 4459 4784 2143 1343 1404 1292 4824 1312 3670 772 4798
4313 4798 3496 574 669 2701 1862 2294 2860 4849 2090 1666 4042 2443 1194 2176 3053 1734 4859 1653
26 1328 950 151 4598 2257 4282 1579 582 497 3977 2246 3352 2553 4737 157 4312 3186 4094 65
4416 4490 4528 330 4143 508 2405 2050 437 2721 2036 3939 2191 1582 2849 3879 1690 4282 4827 1993
2594 748 1344 4480 437 1141 2988 4551 440 1873 1139 4422 541 2176 1622 2422 59 3053 988 1635
3513 4214 2489 1885 811 3311 1848 2044 2644 4602 1423 4449 2611 466 1824 2191 2294 4994 2674 2112
2779 3954 1837 784 1734 1310 1913 1692 3451 4134 3945 1141 2539 571 2915 831 868 2202 1083 2408
2938 3411 4279 708 4041 583 603 407 3240 122 1112 1099 443 2576 4855 4879 1324 1861 4384 3496
1544 2063 3045 3670 2194 2405 2238 105 4641 2521 1590 2344 1234 1962 3851 1191 2472 3022 2506 4081
3230 486 4263 2394 2999 1155 2014 4089 3865 2509 2640 1418 3266 3306 2935 2132 2408 3552 2176 437
576 2815 2446 1140 4543 2826 1751 4431 1692 3563 666 4860 733 2031 258 2243 3212 1980 3770 216
1378 4412 4934 4838 618 1791 2179 2528 4682 3354 2205 1855 322 3053 4374 1571 2139 2391 4352 2769
556 682 1410 3535 2450 4276 4012 2305 1139 811 1604 1622 2788 3332 4080 130 4503 3659 3434 1312
4259 3239 908 3674 692 1083 1041 1041 3053 4500 222 2149 182 1050 2368 2788 2072 313 47 4097
2356 3045 987 889 2851 4589 4352 3082 1346 2305 3470 2131 704 4503 379 3053 734 2450 1747 2802
1653 2611 1531 1818 3287 2405 2843 4227 1303 2414 1108 1124 3652 132 1191 732 4776 2706 294 1439
3908 3241 2171 3734 1255 48 4445 1991 1994 4062 4014 3831 41 4894 1667 1839 4649 4580 2716 1093
3826 415 3669 2640 233 4437 4879 4402 599 3236 1525 1296 105 704 2074 1667 2244 900 3768 4042
2882 321 501 3317 1885 2391 4551 704 4826 3906 3525 3415 1128 748 1083 2635 3521 4398 3311 1550
3404 3241 1980 1136 4859 2030 4382 1532 1011 1789 4011 1405 981 2016 2057 2385 1284 4851 4668 925
1857 4270 2890 1439 4461 1421 4364 2133 3081 3858 535 270 3669 1626 2074 223 1195 693 4767 3105
218 946 237 1465 4185 0 3105 2600 981 4139 4868 3852 2639 2152 837 4086 809 740 260 324
2935 2089 501 1328 3483 1542 4664 4915 1030 1931 204 678 1789 3058 1667 3187 165 1986 1556 2131
3368 2922 1830 2993 2344 2084 977 298 166 99 2542 1802 856 4894 4482 4123 4522 2408 2807 228
826 4534 1116 559 2343 4430 2505 4446 4382 3372 3444 4748 3082 4338 4438 54 4295 3562 286 2394
2935 4511 4442 3643 889 4977 4446 1373 2294 3958 2763 2224 2131 4462 2111 4270 341 1208 3517 3933
3908 981 3428 589 2432 405 2268 1767 2372 399 260 497 165 3577 4032 2191 2890 3053 296 2049
4259 3882 3223 811 315 2528 376 602 1079 2721 1321 4097 4076 474 1750 4851 3991 403 4861 4427
1150 1128 692 1046 3494 4978 682 3939 1488 3222 4851 466 2338 1622 364 1661 1692 4542 2087 2511
2547 3494 2259 15 363 127 3166 3865 3748 2302 1522 89 105 1155 327 3259 2472 3865 1562 3236
2994 1463 170 1627 446 252 4054 2085 119 3409 747 895 2786 4759 3372 2087 1975 3639 715 2131
175 91 4775 4763 4270 2313 4315 77 1848 981 145 2271 1046 1041 1041 4102 2087 2612 1276 1319
1066 3483 1679 1601 849 1470 868 4565 4214 15 0 223 174 1141 3673 2109 4891 522 1788 3130
4305 2139 4168 3557 602 105 3390 1321 2191 3960 2463 1741 2854 3858 3045 4259 3053 2020 291 3134
3222 4502 3161 91 1837 1375 1917 2408 3741 3208 181 1627 4601 2651 1966 657 3674 3991 2611 3098
4906 1109 276 2996 2050 2615 4819 4313 1848 2856 4529 1041 3878 821 1577 2118 1726 1653 2294 4276
3212 478 4153 1088 3045 1094 3570 4360 3022 4817 1041 1604 289 914 1346 1363 4214 3192 1823 311
3437 4827 1318 4185 4967 2954 1101 4879 888 3525 1878 376 30 1773 558 2220 4614 817 3114 1625
3674 4876 4212 4338 4394 2280 4378 1906 1328 4851 737 2898 335 959 2913 2905 2727 2793 1537 3846
3048 1537 3465 1571 4247 1155 717 1039 4924 3019 4800 171 2780 2347 2131 930 3211 2602 749 446
3218 2989 3928 2137 2139 4602 1549 1234 48 3228 1784 2426 166 2657 1465 4127 4659 2543 962 3688
3162 2131 2191 1153 2827 583 2482 2946 693 3674 2302 2178 1679 1155 1726 248 3045 820 4042 2541
195 1277 2844 692 995 4333 2408 3022 2315 925 1066 1041 1041 4195 1711 656 4487 2727 4976 2152
2803 4855 365 1328 2939 1531 4357 422 1653 2611 4304 2854 3422 2426 2294 806 2774 3256 4267 3127
1511 1442 1743 1755 3458 3899 546 4577 94 433 4442 1014 4171 4252 2393 4263 1577 4987 1947 593
1709 4378 4014 2003 4127 271 1484 4751 120 233 4891 2131 4487 4185 4115 1565 4940 2249 4756 212
1753 1799 3758 2318 4817 2661 3241 2898 2911 514 1556 1734 4715 535 4873 2176 2074 2074 3611 2027
117 2414 3744 4797 751 1424 3546 4283 945 3892 2139 2036 3685 2611 1667 4331 4168 2699 2374 4523
3130 4239 3545 3720 3820 4338 4736 4424 1296 2935 3162 1346 2391 157 4312 2505 527 3227 2508 1789
1040 3053 726 3686 214 2277 4978 3830 1504 2408 4394 2007 4092 4778 435 3053 3053 4315 3053 4379
4259 3565 2748 2922 2309 2728 1083 1142 3840 800 2611 869 1537 4558 4798 2822 3053 652 4778 4978
3653 3674 2566 4966 4504 3228 4580 4855 4941 1895 4263 1139 2749 2865 4649 678 425 567 4817 3053
3169 760 4065 1990 3991 4352 4205 2280 1452 2246 3847 2579 2528 1030 2481 2642 1531 3525 254 3895
1317 602 3546 1542 1296 2961 2031 2264 975 788 4926 1791 4042 4140 2268 4639 1321 2431 2110 1837
1976 4510 959 3494 2368 4279 2963 166 4411 1301 1679 3408 1046 2185 1653 4938 312 425 2639 1692
2341 1225 583 2172 2544 2807 390 3683 1667 595 2139 3346 1041 1052 3796 2696 1767 889 2139 3651
2993 2827 4707 599 391 3670 4598 3900 4080 170 2084 4312 4044 748 737 1708 3813 837 3694 3586
4626 3790 2922 2087 1693 1571 970 2029 3847 467 4262 844 1772 1342 166 3652 15 2584 2628 2292
437 3053 419 2155 962 797 2608 571 3858 4894 558 1648 123 123 1353 3496 272 437 184 4035
1522 1726 3096 4978 2528 2155 4010 2788 4446 3186 1562 3790 3658 962 2553 132 1363 3737 4089 1519
862 4354 2856 645 1679 3169 4079 3355 987 149 2240 2495 3332 2992 432 1018 4631 2971 137 2316
1308 534 3207 1046 2191 4292 4205 3670 3556 3387 2191 1000 889 3791 490 3411 4415 406 4338 4817
