3363 2090 3651 1301 4085 3900 1711 4480 3758 1234 1214 3748 3262 1081 2787 4014 2393 1679 732 1604
3363 1417 3831 4276 462 3749 3241 3652 811 1667 4565 4629 2315 2292 2482 3045 1957 2176 4469 1622
1824 1627 2059 2642 233 1033 2030 1458 2045 3817 4552 1667 4307 2031 112 4838 527 2388 4891 3401
3826 882 3048 2139 1136 4891 2499 2609 2000 3633 147 3421 562 510 1537 163 879 1451 3053 2285
2779 3832 3927 4089 2640 3313 470 4756 2030 3820 4367 2907 653 1390 102 651 1432 1328 2399 1740
4226 2611 1511 1906 1548 4332 1173 2889 3835 4452 474 2447 2956 503 3588 2420 876 2609 4401 11
3957 1805 1778 1333 4580 233 2119 4932 2854 1349 878 1731 4134 339 4674 3159 616 3241 4458 3154
3933 3316 3774 4993 3790 704 3647 559 3207 2450 2661 1159 1046 88 844 940 1363 3361 4529 3053
4506 1136 1000 1891 3053 3674 4202 441 1041 1041 1041 2663 1041 1277 1041 1556 1253 4415 1518 1150
2962 3139 1041 3616 2191 4551 4633 923 3053 4446 535 1530 3860 1496 618 2817 2642 2408 1039 4748
2826 2583 2884 3140 636 3748 4711 977 2014 2611 2528 4237 2698 2600 1331 4829 1426 437 3045 4438
79 2652 4344 938 1658 1483 4438 3891 3053 1007 2828 2294 1286 3186 1397 608 2652 693 2626 1627
260 863 2682 3154 2848 721 3409 2829 3710 2139 3579 2089 1206 2385 4082 4963 4218 3564 1885 2689
1066 2420 272 4046 4031 1681 3081 3465 2543 2942 3954 2564 2155 665 981 3866 1622 704 3441 4994
435 4848 3126 2773 558 2922 2992 2507 4263 1859 3853 1749 3775 4503 4872 417 4860 2388 4565 2856
4870 1124 4649 1609 1891 2221 1962 4840 1531 2642 294 2378 1067 4575 3991 811 260 3370 3017 2249
3338 3774 2213 2218 1267 3184 2701 2640 987 3751 491 387 3721 1083 4231 1827 3582 3847 4994 2763
3670 4602 3670 2993 1513 1635 3756 723 104 249 3311 3297 2131 4817 3647 4670 2220 4485 2967 2988
448 4538 2558 4940 291 4861 4251 1299 1329 101 1041 1579 3547 2399 1653 4197 4502 1774 937 3991
4737 605 1703 2531 4415 1465 233 2484 3146 1600 3619 3401 1493 2368 1301 1293 2914 161 4193 4332
28 4555 3715 3361 3756 2191 3001 3134 4276 3989 3946 1987 1301 885 3171 1537 1704 1987 1325 1199
3311 2945 602 2208 1443 1519 4592 3728 415 4080 586 3599 2131 1098 1421 3269 1689 3134 3611 1426
1066 821 1609 1726 1312 1653 174 1530 2581 1203 165 41 1458 831 121 2450 3465 4759 2860 3301
3892 1083 4558 1677 1116 4839 1058 4497 3022 130 2828 3678 2430 583 3236 1891 895 2450 2560 1559
2505 617 535 4333 105 4626 535 2065 1837 2528 4125 4352 4877 165 3986 2779 2913 2914 1556 3445
4226 1590 1538 4978 3613 3502 3670 3853 2727 3607 2042 2187 4263 2450 2090 1667 3248 1413 1530 4332
464 3080 2611 439 4437 341 4908 1890 3053 439 2639 1655 1648 4754 4876 1582 844 1342 1370 817
2867 2294 3982 1932 1088 1996 4694 1142 4263 595 4662 2399 3311 552 3004 2294 2131 230 1055 1791
1653 1130 4823 3471 1719 2428 1204 4150 4186 486 1788 341 4425 3297 977 2399 865 4337 4078 3562
3908 1187 583 2447 4381 41 2408 4785 123 4633 4737 3073 517 1083 3114 1530 3527 258 2501 3528
4259 4621 46 3483 2310 2191 4829 824 2402 3530 3483 2774 2130 2807 837 3749 3908 201 437 2049
2801 2992 3586 1139 1320 398 1579 4546 2474 2945 195 3073 4745 1041 1041 1041 2755 4422 2391 3053
2137 663 3717 4497 2586 3826 799 1413 4534 1667 199 1561 4960 2126 2767 4342 691 4490 1088 4208
4206 3437 4325 447 3858 1792 1875 4641 2243 3401 1754 3760 1820 464 321 977 1658 2611 4342 1840
4206 3045 3804 4364 4086 4012 4197 2155 2505 4737 1024 3751 862 4836 3019 4230 2856 1033 1234 4563
1703 4002 4994 668 3609 1753 4185 4737 3222 3408 4367 174 4515 1067 3586 1796 1203 3739 2083 97
2031 604 1409 1088 2053 1986 1914 3649 4177 5 3207 2572 1325 3437 2642 2408 1264 1199 1726 4672
3483 15 174 3591 4698 3502 2807 3453 1126 4490 2090 3696 4840 3887 112 2393 376 3548 1878 4879
2250 2053 1325 2320 3401 33 4209 2065 486 2611 4316 4083 941 3483 3982 474 4583 3081 3554 2089
3908 2866 2195 882 59 3683 593 4301 3082 1098 1041 2036 1639 4312 1948 3514 2611 4859 799 3053
2717 4891 2600 2807 4248 2611 2360 42 3273 4003 2578 4709 4013 2191 4450 1885 1227 4086 1621 355
4206 693 3813 4311 4276 1709 1753 3053 2898 3463 2756 1766 3341 1530 2945 2848 3946 1345 3170 1813
3437 41 4626 2408 2611 1622 3372 4512 4557 571 535 4305 4012 3252 1628 245 99 4459 1041 2829
3366 1353 4596 3678 4252 2972 471 3401 3760 1980 2989 1416 4691 4315 4340 4447 776 4851 1495 527
1075 4496 3045 2440 3674 1531 13 2031 2030 879 4153 1667 4205 42 837 2876 1954 2300 4149 1140
2788 704 4098 3671 486 233 3703 1022 2673 3014 3572 1088 3105 4406 2191 4696 1206 1709 405 3019
4431 3475 4751 4283 2294 328 4487 2423 3146 2191 4279 2737 3872 3855 2038 745 1342 4485 3769 672
175 2521 2975 2451 2611 2176 1565 1041 3840 1439 3273 2482 2840 4960 1014 1441 4776 2394 4803 273
3751 704 4531 2793 3600 2074 1141 693 417 3787 2320 3787 2364 3912 1667 2678 4565 4122 662 1098
3212 4270 1537 1124 415 1690 1813 4332 4205 28 2528 2030 1808 2178 3381 1709 30 3849 3986 2441
4471 4526 868 1942 1731 2856 522 1818 237 2259 558 1325 1243 71 3851 2827 4523 474 2415 4113
1235 868 809 2061 88 1098 4252 4089 1571 2993 869 2939 3053 4596 2030 4623 3813 3621 1693 419
343 2191 659 2828 1421 4247 2191 2921 2566 1870 655 3147 1380 4076 4819 4743 3183 3953 4665 1241
4071 2467 704 868 4195 599 4565 1622 4670 466 3904 4580 1147 1494 727 2482 821 829 379 437
448 4538 4003 1643 2756 2038 2131 2993 4446 3672 474 859 2191 2528 453 941 3664 2856 2669 1140
272 704 4141 3167 376 3652 889 2080 535 2528 895 2025 602 4251 2921 322 3435 3209 4606 3014
3363 1966 505 693 4977 48 3619 4605 4537 3833 1633 3451 3408 155 2113 4446 905 4487 2191 889
980 868 3489 1951 816 3372 4462 4058 2992 1635 4011 1648 2315 2428 2984 2743 348 4185 2030 1579
2300 1178 3141 4876 3453 1363 1057 3466 1976 2147 4879 1704 4913 3492 767 1891 828 1690 2211 3019
2679 645 3790 4668 500 4426 4711 3408 3072 2856 139 380 885 2678 4012 3908 2860 647 4448 3054
4263 3250 1667 1530 2722 1284 1397 4332 3262 237 4955 2823 84 1765 4313 2391 941 3372 1667 4102
4080 3250 3939 3272 3971 2292 3902 193 685 602 4873 3223 2797 4662 2191 271 41 3852 2511 473
2890 794 1757 2611 645 1766 3872 2826 760 3527 1253 2552 908 2903 1474 4678 3045 415 2149 41
3404 3727 2302 3820 2379 1726 847 4064 2856 4438 882 953 737 2640 30 2179 2696 1535 1074 817
