1324 1621 3340 4387 4153 3602 4205 2528 42 3505 3833 438 3073 1041 602 825 1306 419 2268 688
4955 2474 260 2699 3248 240 4457 1140 4236 2704 1375 2707 280 2319 1471 4279 2191 2408 2049 4276
1326 1385 1767 1918 1275 2498 4902 0 3639 4010 3022 1970 3084 4446 3001 2954 2450 4891 936 562
1757 4629 4876 2399 2786 663 4342 2393 3261 3639 1546 4891 2611 3033 1418 1563 745 4551 2219 693
4514 202 1830 2238 2049 2340 4289 3317 1041 1030 3792 3045 4276 2898 1324 2717 3223 3293 2600 3252
556 3081 363 1548 2087 2600 794 2191 4148 2139 2701 3586 3137 4565 1083 1146 3657 130 1168 223
4417 3215 4437 446 2823 2929 4263 1898 2155 1908 4394 2049 1111 3289 2422 4565 2224 3045 2238 4830
436 2600 4586 2626 4586 555 91 3670 4966 749 28 3483 989 1141 379 2136 1627 2180 3183 818
4206 1582 4623 2027 4850 4355 2349 4855 3001 4080 2554 4318 4012 4312 4172 2556 2963 1453 2528 1559
4873 2027 4415 474 3935 1853 4166 1750 3943 3833 2611 4168 437 1947 1653 155 3186 2283 91 798
3364 3302 1041 3603 1951 3223 1359 1568 732 301 2191 4542 4371 2774 3835 4908 1494 4523 4913 91
860 3968 463 4427 3539 99 4572 1455 518 727 727 437 3229 4542 2752 204 4318 2030 2450 4252
3081 2528 4360 3234 1363 830 2505 1076 170 15 3674 3092 1090 3179 4914 1970 535 2215 2131 2335
1083 180 1292 2087 3160 4819 1556 4297 438 4779 2827 1611 1050 3410 434 4830 3772 3097 811 1886
1962 2318 2613 3268 4891 49 1136 619 3042 2993 2450 4551 3643 530 3183 3085 1083 3177 4316 4076
3422 713 3938 4515 1207 3222 356 1470 1293 3993 4604 4986 219 3680 4312 2773 2657 2191 734 3565
1804 1328 2349 1604 4056 2789 3032 3408 4032 1600 256 4616 3600 1275 1301 2488 1508 4480 4575 1416
3670 4891 4379 4489 535 4861 340 1124 2860 685 1316 3045 3053 3045 4448 3968 3009 4446 2818 1908
618 895 4861 4086 4996 375 4737 426 4664 4626 4624 2509 232 91 4438 2320 2621 2585 203 821
1354 15 350 4270 4304 4166 868 4086 3878 2721 1789 172 2922 831 831 4507 732 3920 1862 2082
250 1667 2528 3685 2294 4689 2504 3045 109 2611 2052 4682 2242 2793 1140 3674 4779 2391 2191 3181
1083 1689 4307 2611 4446 4144 244 1789 978 4861 2142 4994 2631 151 3751 419 2564 720 3053 4958
4364 2280 2914 4125 2294 488 4044 1621 2727 831 4656 1820 486 3241 474 2049 4709 4329 439 4378
3626 4543 3927 4095 1080 4911 544 3844 4949 3772 4125 1793 3045 708 4303 130 4270 2074 2529 2441
816 906 4718 2118 1670 2102 1961 3239 652 2854 3502 1548 559 527 4639 3159 618 2611 4798 3599
2752 486 1220 2049 2911 617 2052 881 3525 809 2556 1556 4378 3134 4725 1153 900 1622 1096 2090
2992 3790 4576 3830 1110 2505 3110 2450 2826 1112 3840 1905 1199 237 4921 1969 1708 4286 1692 979
3212 349 2512 2323 3756 2600 162 3131 3192 2960 4932 4033 1397 1242 3958 161 4267 831 3617 3065
28 3811 4492 474 280 4818 4851 1717 2611 4754 4127 4274 2699 3797 4966 2191 3494 2609 2631 141
3586 4557 2155 3790 2202 868 322 1426 3548 1622 437 3725 1609 2408 2165 895 3582 1321 4086 4415
1176 3038 1679 4526 4339 672 4855 1342 2176 3218 489 2288 1587 1401 4169 2993 1120 4153 4717 42
2481 3977 1891 4035 1987 1041 4672 4511 1241 1336 22 87 4364 1110 1508 487 777 3101 4417 3053
174 726 3583 593 4381 2788 3273 486 2251 1425 742 635 590 1622 4689 4978 941 4379 2944 4598
3378 3035 2779 1659 2566 2014 2674 701 4490 3186 1817 3111 3940 1083 2475 3141 4263 4177 4594 183
2478 2666 1120 3638 2639 3139 4487 1405 2591 4056 3032 2176 4618 4415 1661 2762 3222 667 2768 3674
2942 4259 3820 831 1653 3852 4855 751 3189 3899 0 1517 4478 1675 3272 441 2027 4649 2337 463
3017 4146 2566 2625 78 2661 121 415 1113 629 3295 2087 667 1230 704 2558 1703 3586 2788 2077
4206 4279 3813 4704 3506 572 1088 3053 1726 1005 1011 698 1365 4949 2027 4480 2027 1312 535 355
1511 1993 3241 78 4891 4495 1277 2838 2074 466 3984 2269 2828 1989 270 4664 2694 535 576 3053
3201 3846 3200 605 1005 4017 3297 4415 2639 2334 3981 4086 4289 4565 969 2528 1012 3920 4127 145
794 3227 2393 3222 4401 3673 1667 3289 4538 602 3236 1530 3325 1951 1702 1066 3852 4263 466 3177
1324 1002 4214 2074 4511 4421 4851 308 4342 535 3289 4205 1041 26 4558 3754 3939 4084 3678 2980
3404 497 4978 2369 4928 3496 2446 3198 2963 2298 3327 571 4501 868 1069 3727 3907 1385 960 405
1325 2257 4820 704 4605 4798 4039 1793 1826 3747 31 2503 2520 182 1704 2929 2082 364 2667 2074
1412 1223 4111 1511 486 4626 2963 2294 2027 2414 4080 2133 2155 420 1328 3570 1346 3306 3366 4283
860 545 4247 3099 3446 1067 647 770 3635 3038 4170 902 2271 1697 2191 1465 910 225 3796 4643
4093 732 2498 4511 4697 4873 2374 1140 3167 3606 4125 788 1643 1308 370 1667 1365 1112 3944 4415
602 2375 2611 2849 4855 3860 4894 3934 2668 151 3190 1494 3004 441 4467 2963 171 4010 3190 4248
1726 2088 3289 885 4089 676 324 2393 4933 4757 2838 381 3370 4564 125 3586 4859 4915 1041 2191
1532 811 1757 174 1692 134 2246 3045 821 3982 885 2639 3439 4914 660 1967 2286 4011 2118 3833
2408 4751 988 2458 535 4563 776 879 3053 4947 3927 1328 4230 4352 41 2191 3241 4342 4359 1212
3383 2300 1276 3806 2927 4221 1531 1891 437 3236 4556 2914 4315 1315 868 668 2611 3342 1244 2472
3172 3767 1574 3328 2085 3126 295 3042 1184 2344 4784 2505 1142 1041 3447 1413 3606 2057 2793 2611
4209 4287 2462 4575 4387 3852 574 3006 1394 422 4480 3813 4983 1432 3137 3103 2600 4616 3007 4086
105 3081 1363 4629 3727 3292 891 2276 4151 2561 3169 2564 2049 1901 3045 4407 1153 4737 1679 1030
474 2922 1088 4185 4035 3011 1286 3554 2303 4926 2848 264 2152 3711 3494 3039 2701 3248 2463 1726
1041 770 3952 422 352 4531 1395 2892 4891 1702 1238 229 970 2759 2119 4831 3057 3656 2111 3827
4500 3651 242 1531 3224 2683 3502 3638 2166 2478 2827 2388 2083 154 1497 1337 1646 3790 746 1375
2950 1187 1976 4280 1690 2903 1362 4378 1277 4100 1142 4504 3980 780 1294 510 765 1587 2533 2824
3652 2294 2334 3328 2030 3980 1465 182 192 2481 618 2566 1847 1643 2191 3241 751 1742 1136 1521
340 4914 4931 2928 1071 890 3751 4364 2288 4877 941 1973 693 3607 2721 2450 1046 1687 1848 3498
4076 555 3297 3817 2520 3580 4415 3061 4010 453 3094 3991 3502 558 4798 2191 763 1011 4031 602
3760 527 3223 3495 522 2820 920 986 3913 1530 3990 22 3339 2171 4817 2290 41 1184 2430 2031
4259 946 3293 4850 4411 2793 3031 3989 864 2281 4994 756 2287 1046 962 527 2849 3992 145 2528
