4259 1041 4458 1139 3996 2779 2242 3053 1342 3617 3297 2928 2640 3751 125 590 2471 809 3934 1346
4214 3019 3224 2482 1198 1079 3989 3495 602 4058 2528 1627 3344 3045 740 1451 878 1511 1967 2280
3378 1791 4672 2818 3273 2610 732 2225 1617 4157 4338 4817 4195 4480 3796 821 3265 1346 1328 2414
3130 837 192 4690 41 3556 2793 1434 3027 3045 1458 535 3097 2191 2257 3670 4094 1083 1753 4487
3549 693 2191 2423 1083 4670 3167 810 3982 4122 4117 4865 602 2391 354 3212 2778 1622 1766 2393
251 671 3215 1309 717 4342 2118 1155 1455 2074 4276 4064 3908 74 3266 4639 2640 2756 4512 2249
419 2408 4757 426 27 2922 862 4383 2611 1253 4504 2238 4551 361 407 1301 1465 1332 1582 2712
1454 602 1653 4990 346 339 2166 3045 3678 1470 3105 4270 2890 1093 1789 3549 623 1562 3140 3053
1988 2582 3643 3146 2195 1813 2450 2271 1627 3141 2504 2542 2826 4378 4755 2990 3045 732 4407 4798
3545 3829 4263 841 0 889 4235 2067 4872 2527 112 2141 963 4149 1495 500 1789 3146 1083 1170
3494 2668 4709 3357 1184 1914 2131 817 3422 602 3674 4512 2428 1011 4827 4805 3629 4597 1083 3586
4463 4596 639 704 2115 1600 2625 2854 4379 450 3830 4629 1342 4379 2240 3053 3525 4044 1941 2025
3760 3437 4963 811 3032 4668 3765 3241 4338 3053 3827 2218 616 4805 2806 4777 2940 4214 205 2293
3431 117 2935 3958 443 2756 559 4140 273 2600 4677 2782 2385 2369 41 4342 3767 1848 1632 4263
1635 1098 2791 3989 782 317 4672 3525 2408 2793 4056 1851 255 356 1228 4307 4798 939 3271 350
3370 2408 1476 1743 2756 1427 732 3647 1506 704 463 2362 2208 4720 520 4289 1702 1757 4670 496
2694 4205 59 1689 2977 704 1112 1098 2301 4401 262 2269 3181 4662 1484 831 1328 3756 1261 1328
3908 746 1101 3661 2408 704 2215 1041 1041 1041 4014 2133 1368 2014 4830 4765 443 1673 1364 522
1492 3574 3505 3984 1186 3150 733 976 2775 1622 2139 868 3212 3610 1416 180 521 4333 4944 1582
2191 3006 1679 2218 4263 391 15 496 1734 474 2063 4891 2312 3478 1324 3081 4071 1692 1283 1465
2766 3505 1530 4681 2611 3778 3144 3760 505 3996 4668 1881 4623 4080 3040 1101 4565 636 201 4522
1757 4550 2220 443 3612 2049 2399 438 2611 1303 4415 2999 1457 4480 3557 1242 1041 3506 2164 23
1679 2600 952 864 3725 960 1793 3609 844 2730 4933 3602 3282 4370 4798 1102 3481 3414 4185 241
1140 3586 3250 2337 1320 2408 3583 1531 1046 3657 602 1655 121 1659 1653 4860 4446 3674 3071 2093
3404 2499 3520 26 4271 3758 2501 3959 4504 88 385 1864 3638 1674 1325 3555 1128 1617 3597 1203
1797 527 1479 885 2089 123 2589 698 708 1571 2581 531 692 3647 1660 2393 486 2155 4102 4387
1653 1754 922 4604 4401 1784 3707 438 725 1556 1297 3623 437 3346 4092 1648 4311 4701 3958 4597
3218 1872 885 1116 4394 1460 3186 1373 4751 2556 2528 3387 48 4690 1288 2838 1781 1667 2993 3004
2779 4097 4214 4141 2087 1337 1378 1530 844 1667 2275 4987 1140 376 3689 4260 1107 2393 2877 383
3363 4072 4080 1818 2639 1527 436 4471 4668 1465 1247 2410 1456 2320 3784 4394 2071 4205 1110 4817
2616 1891 1069 4462 2880 1579 3678 1525 4122 2950 1027 439 4354 4033 3738 645 2084 712 3022 4817
1416 4305 3670 1322 3611 4908 3196 1189 4241 4655 2890 1808 3678 940 1556 2423 4707 3611 4526 3852
4496 1253 1170 4756 1463 1098 2292 535 2415 1238 3564 112 3022 1378 1635 2586 989 4677 3360 2890
2481 4544 954 4054 3341 2137 2854 2294 3556 1011 2349 422 3339 4668 4487 3663 3796 286 4031 821
1618 1448 272 4031 3465 4649 2527 2689 997 4502 1127 4913 3691 1609 1842 4276 1083 2712 1455 1962
4779 272 2242 685 2789 2655 4989 3206 65 4901 4994 3311 4648 378 687 1311 3944 1069 1128 2708
667 4393 2543 2294 571 506 4670 3465 3239 2909 1088 2933 3475 4754 3939 693 3053 1088 3908 4010
864 3311 2323 3796 2295 4799 2334 3045 4737 1041 4655 2717 605 4480 2611 2963 4437 4941 836 869
2517 890 3081 2007 1947 2611 45 4438 2829 1837 1561 141 4000 2652 1448 2176 3053 3372 4737 3663
1888 1041 3053 2854 3804 1818 4270 1009 3725 2735 4490 3409 4784 2640 1743 2087 981 405 1418 1988
1643 3820 3647 4748 918 4924 1152 3611 474 2440 1510 4600 1011 117 439 0 1314 4532 117 2554
1066 2761 3332 4758 4598 2228 3939 3647 4912 2961 189 4702 3678 437 1982 4796 3525 3580 4311 4678
1315 1203 1522 2611 962 2415 2092 436 2505 4276 3751 2139 6 4978 2087 4383 3082 3906 704 4086
3647 3670 3045 2376 2874 2948 474 3774 4501 4131 1780 2611 3202 749 1199 3707 2879 4906 2631 2553
2439 3093 2131 3908 681 461 885 816 1286 4182 1325 3077 2360 275 693 3806 4378 486 2553 1749
1377 3813 3845 4058 4002 3670 2074 2118 2900 2082 2290 473 161 2527 1830 1033 3483 1366 3553 2415
569 4206 3471 1164 3674 4052 879 3494 4662 2444 3751 3436 2340 2429 13 2945 4867 34 2849 527
3363 4470 4754 1469 2415 232 2676 1969 3878 3390 4071 2447 219 751 2699 2611 3905 3912 4080 3652
4946 1010 2778 90 2556 773 1667 3392 4891 3570 3483 4214 4827 3446 2191 2485 1840 602 4437 1655
1739 4818 4237 4342 1582 3906 4308 2992 969 3760 4987 572 571 697 312 3906 4587 3820 294 1942
1993 305 1142 2219 4086 2030 3619 4859 732 1936 1088 4438 2205 616 1418 4086 1626 2191 1275 4032
4279 1977 3623 3212 3912 2191 453 4890 3447 2149 1781 3054 2446 4446 3749 3570 3612 4891 166 1430
4781 1679 788 4594 3281 3273 587 1328 3474 4123 4987 62 3538 437 595 2870 723 3236 704 2984
1043 4528 4593 932 3085 2199 2450 3241 1363 1364 4606 1622 4415 3761 3316 4215 245 3339 3939 3022
1172 3465 885 2935 4012 1441 2408 1525 1609 2780 1431 1653 2716 1901 4667 4511 4487 4978 2074 787
186 2950 3154 3236 1088 181 3611 4446 1693 1655 3715 82 3926 2139 4542 789 828 2132 1203 1590
2811 3586 2890 2049 4626 4714 1656 4270 2821 3703 4659 2294 3600 4523 1203 165 4256 1582 821 15
2662 4056 422 2879 558 1520 4845 4315 3751 4056 3006 3651 1667 413 4446 4076 4890 3525 2674 4753
4781 1600 1354 1980 4032 1083 1041 2707 2671 1357 574 3341 704 1130 2569 895 1046 2810 260 294
1821 3847 2505 4237 2870 698 698 2030 471 2776 35 3854 816 4993 4056 1571 1693 4798 2006 164
3247 2993 3608 3015 2345 4987 3413 3475 1218 4788 2176 4877 1054 789 3936 3751 4551 4698 1147 1983
3162 1844 704 3924 1413 3384 4033 2552 1834 3774 2699 2611 2854 3804 1320 1962 1342 1242 4095 3065
4855 569 3534 3790 2999 2611 2946 526 286 2779 3265 4526 2469 4672 4084 4504 985 1308 2786 3385
4259 3574 941 3053 3053 3053 1205 463 4649 55 778 2970 484 1004 2433 3482 2195 3053 3811 2084
