3677 1344 1883 1667 2499 4016 281 2163 4237 2238 3601 2812 2884 905 2391 4010 1083 2611 2087 4097
4393 2472 2481 4680 989 843 1324 2139 437 422 1270 3647 4296 526 4252 275 4056 3967 2397 1994
535 1041 4558 3543 909 15 3738 2031 296 2459 4523 383 4974 844 313 4263 735 2087 1235 2482
437 4313 4012 4102 4596 107 831 1891 4784 2521 312 3630 1288 2924 4691 3572 1371 1328 687 4093
4517 2977 2627 2771 953 2439 4626 328 1255 2498 4283 44 1197 2344 4952 871 4543 1178 3505 4990
4517 2513 653 501 4672 1280 231 4802 2408 3196 1808 2419 1088 4532 3488 3218 4774 2701 2472 2341
4339 1155 1012 4259 3236 2807 573 1418 918 4827 3364 535 1969 2294 149 2471 4543 1253 4705 2074
1040 83 715 3413 3843 3727 4894 527 1088 104 968 4089 2611 3689 1121 3749 4441 1906 3228 4830
1172 4134 2922 4879 2016 1687 1621 917 4127 2440 90 4281 3541 665 3146 772 1069 2674 4860 3852
4286 4423 232 4616 360 4508 3504 4328 3268 3053 3811 4655 822 4287 1525 1078 992 4803 1185 258
2917 2824 826 3751 4784 2708 2627 1203 3939 2674 1176 3993 4239 4672 1862 2344 4246 4086 227 4855
436 4662 3053 4033 591 3508 1045 4490 2814 1767 1667 535 3612 15 2791 2727 2611 4007 1390 4382
1653 868 3241 2842 3236 938 1906 3079 4403 3934 2890 1277 574 2788 4593 147 4598 3674 2391 535
4004 4827 1577 3239 4315 4095 2774 399 135 3882 2774 4840 1041 671 4543 3105 2827 4525 4899 27
1986 364 3638 4602 4626 1458 4269 2727 41 3457 1455 4914 3366 961 3045 4748 4609 4214 4808 527
1203 616 1537 1559 704 3196 704 3796 821 669 2929 2611 3053 2137 2049 4086 2674 1522 1203 4565
3682 204 781 405 3748 3770 986 1903 2530 4672 4796 4358 3950 2393 4570 424 987 3321 1064 3469
1040 4480 4919 647 979 4694 4255 3084 2831 99 1455 2838 1813 2774 3181 535 1885 2643 4205 4947
4956 3201 15 661 2779 2309 4342 42 3236 4214 3483 4583 1906 1192 2074 1312 227 3611 3366 2828
4424 2070 1041 790 1530 3597 4855 3387 4408 3411 3411 726 2721 3053 468 2639 4007 4784 4258 364
4514 2300 820 748 4446 4994 4378 2217 3311 3587 704 2074 4289 4639 181 3611 4411 2001 3218 4939
1797 1685 12 3644 2399 140 4876 1308 597 341 3248 260 3022 130 4616 3222 2092 4205 2376 1433
355 2085 1244 3075 1016 4734 3556 4609 437 2976 4929 2788 3384 2857 2564 990 4382 4798 3489 4263
3804 1202 4523 4682 3678 4813 505 1387 1046 4872 1194 879 1784 1371 2698 313 2164 1667 1674 4350
3908 3019 3370 2779 3171 3670 1980 1668 984 2025 4280 1607 4140 148 3516 4263 1485 1571 2404 3474
667 602 4666 4873 1294 3494 2302 2657 4861 2949 2413 4537 1840 3121 3906 4702 986 1359 4697 3212
4919 842 4338 4477 4140 4011 1342 260 1418 1977 4859 1596 1132 1692 2735 4844 1970 1931 1203 2865
4999 3670 2775 953 740 1626 3297 3783 3159 4485 4830 13 536 2928 1410 4270 3226 0 437 535
644 3912 1556 2191 903 1844 209 1088 821 1432 602 2756 4817 2334 3045 2450 2408 490 2411 3394
3651 4899 634 2873 3349 1427 1918 3065 1239 1346 3045 1194 3335 1198 437 2849 4575 1328 303 3077
3946 341 1139 165 1370 3341 1368 3045 3032 2366 1263 1743 2415 1311 2922 1734 4606 3105 2030 2061
895 1397 4313 2385 1140 2205 2135 813 2727 3830 41 3241 1242 3751 1326 3946 2100 1587 3908 233
2139 3820 1477 4487 3773 4879 976 2435 4994 2611 2320 1301 2802 1346 2288 3404 4891 1136 1601 4125
1153 1598 4046 784 2294 1747 3212 3740 4526 3220 3005 3927 2300 4399 1083 127 2307 1041 452 4384
3758 693 4523 4460 4460 3773 3989 3366 587 4252 151 821 2302 2820 1097 2396 102 487 602 1818
2280 2960 7 1356 1805 4559 2061 1891 3727 1128 1145 1743 490 3045 3838 2879 4396 2489 3453 4586
4316 2764 74 704 3019 3715 486 2827 868 4597 1566 2323 3879 4672 704 2805 3525 593 3611 809
2921 4196 2633 675 2898 2320 1077 1413 4094 4243 2499 1622 1622 3861 4287 3228 2892 4333 2884 1195
3437 865 3747 1223 611 4010 287 4987 4437 1404 2991 3045 4096 3570 273 2865 4012 1286 1918 1194
3437 2199 2087 4908 733 4622 1921 2609 4979 3031 424 4850 4352 11 4319 1112 3851 590 2298 237
2300 3610 4337 535 227 4704 4610 2915 3529 1627 237 2062 3470 4447 2874 908 4900 720 4012 33
3938 3816 408 2084 871 1112 4994 1277 482 3239 4369 2408 4267 4851 41 2026 4737 4415 850 1530
3483 4357 1083 1550 4394 1754 1726 1699 1554 1041 3659 1119 812 4504 4817 270 255 1155 1653 1413
3230 2454 1041 1288 1246 2102 527 1101 2164 1139 15 868 1321 1627 930 2101 344 4333 4123 2951
441 3204 2191 3670 3106 3920 3181 3762 2786 956 3872 2025 1692 2778 4578 3845 3760 4528 2015 3043
1284 4438 4433 4891 2613 3904 4276 1083 376 2611 2435 2914 2315 2905 1987 1153 1455 595 3958 3483
1537 1285 3175 4368 1375 4102 3465 2547 4894 885 4381 1069 4983 3860 4817 3144 1203 2674 2793 3724
441 4270 1368 204 123 4142 1746 1347 4415 264 2974 4398 90 2304 2824 4297 3982 2179 3977 3332
4286 3094 4357 4831 2788 4012 2613 2939 4127 2541 1726 4741 1124 868 1041 4086 424 3187 4935 4083
2935 2613 2993 1361 3222 941 2620 1089 4978 2082 1531 1431 1557 4029 4994 2611 1667 3138 2191 559
4206 811 1140 4891 4857 3586 2467 1653 0 22 2070 361 4102 4994 740 2290 3535 1088 549 848
2559 1767 602 3360 2174 2320 4480 517 3081 3671 4012 2611 3311 3559 2364 3878 2332 985 125 4210
3212 522 2755 3311 1296 3482 2036 3465 70 4891 1136 2828 3001 4602 271 2191 3451 4891 405 3843
4540 2079 4208 1041 3535 1203 4728 4891 480 3760 2781 3609 2132 1667 2512 2399 179 1069 1657 2294
696 486 4263 747 1659 2992 1413 1726 3045 2049 3141 2408 3565 263 123 3045 2706 4711 2176 1451
1566 2111 4100 1947 2232 1741 4737 4672 102 2642 1532 4352 4446 2786 2025 4123 2512 1000 2408 4528
320 3451 868 1749 430 1022 1622 2454 4438 255 4960 2298 2298 2854 2320 4044 335 1508 1051 2499
4339 1842 330 437 3477 2611 2820 4287 2414 527 2280 4795 2556 4365 2611 962 1770 2993 324 2360
1075 2133 2388 1085 787 933 1098 2049 1338 3586 4411 1689 1382 778 1830 4629 1318 2564 2399 1457
4135 1783 4044 181 1080 42 1155 2294 821 551 2476 1373 1331 4565 2394 2381 2408 3130 969 4817
1072 3017 2292 1005 665 4891 2131 3327 4894 2727 2611 3310 1762 892 4576 1325 405 3446 2294 2357
1309 2756 3212 204 850 4461 4817 1328 1861 3931 2611 2387 1353 1148 2668 3607 651 652 268 4543
2300 4672 1126 3184 807 1711 4000 1355 1522 4263 1086 3765 3053 3811 4287 2234 675 1597 275 4994
4759 2378 3611 4144 125 752 3053 2642 615 1692 1154 1041 4565 1490 3236 3811 4891 3317 2613 270
