4286 737 3610 105 3834 1248 2191 2155 1011 4076 799 3670 439 3546 3760 969 1328 753 438 3792
1433 4909 2998 4537 2528 3220 4594 4480 781 4506 3019 1353 3022 1139 1627 4311 3256 3188 437 3045
1840 1979 4279 4851 1891 1453 4583 4338 130 1321 576 2030 2176 171 3053 1627 4259 1397 599 4343
1040 280 1194 101 602 3420 2058 2956 4089 4711 4707 3760 437 4914 1063 2450 1713 1622 4891 505
3363 2113 882 20 2810 4295 3695 3683 437 4598 1465 2376 962 280 4459 2273 4415 4276 2640 4565
4286 3418 2288 1913 536 782 2801 4537 112 3677 4276 1891 1666 2415 1088 984 2922 3097 2164 1667
4179 1041 4989 4631 488 4461 481 1037 1531 3045 4259 437 2006 3732 4012 397 3337 1799 868 837
1653 2450 2935 4877 1837 3187 2391 3582 1346 865 908 776 602 1632 2521 2638 3465 2393 4237 4694
2234 4860 1470 3460 4802 71 2294 1545 4876 3252 2678 3557 2907 430 1205 2399 981 2805 1890 1519
4775 3701 3389 3032 4542 2564 895 740 2092 235 3557 3493 3562 4029 13 1781 42 588 3831 4891
3908 2033 2909 821 2528 2481 3647 1918 3053 4415 605 4565 636 4596 3011 46 593 4891 2131 657
4817 3769 550 3773 4704 3184 4533 1494 1507 749 1244 1231 4090 737 2771 1786 456 460 1230 549
4168 4776 3317 2454 4086 2049 2393 357 751 1781 1023 1963 431 3682 1643 437 4437 2191 572 3613
4286 1820 4906 3056 2191 24 4526 1232 293 160 4941 2969 4247 4270 2521 65 2671 2191 2528 1834
4758 1531 1156 3134 3073 4263 94 2773 4379 4333 4476 4817 4586 3528 3038 2780 25 2385 4252 1255
4906 2444 3568 3321 1975 2048 897 1417 2674 4855 415 41 55 375 2133 2305 4891 80 1574 2050
723 2832 1325 3205 2856 2349 1342 182 3549 2178 1373 3268 1465 3541 2611 162 4467 3241 1069 3407
3813 748 545 977 2238 3834 3758 2435 185 3401 4401 4565 2191 0 1312 3670 2191 260 1342 415
4602 770 1962 4080 832 1000 4000 4416 4023 4877 693 2948 4289 4639 2447 1458 486 4125 3870 1088
4116 3820 2779 1463 4565 1689 2457 2323 4446 102 1603 3892 2376 965 4989 252 36 1562 1071 2191
3847 1973 3663 1048 1026 3576 2840 3994 1342 4727 15 1582 987 1793 4471 3091 940 3140 1352 391
3363 3908 3851 2164 2564 4817 1458 520 2774 3595 2176 3311 491 4043 582 1494 3296 2005 405 41
4759 1041 1041 1041 1862 123 2611 3053 3017 149 437 563 3160 2434 4452 4005 4313 437 1041 2756
2426 2594 15 1749 1061 2216 260 437 94 3404 4565 3494 269 941 2600 527 2246 1116 3602 3958
2137 2408 41 2850 3959 1264 987 2229 3451 4267 4411 4338 4939 4338 4891 732 4012 1627 3751 3019
811 963 1142 4639 1000 1041 693 643 4860 4855 4342 761 678 2146 1163 33 4998 2717 2129 2595
1526 4438 2948 4252 2142 1986 905 33 4342 3045 3790 349 101 2564 4817 1328 4305 605 4542 4012
4919 1346 1811 3242 4649 4255 2455 3670 3939 4953 441 2727 41 2775 723 1046 3444 3790 1364 3096
3031 4565 333 2276 3944 2829 1622 3979 2528 2379 2774 2755 641 821 391 2807 1980 2090 3566 1194
4286 2993 2176 68 1426 1601 698 4946 4521 1562 1188 1465 3207 1365 3574 782 2191 4426 4978 4214
2191 1955 1728 261 4205 3653 2295 90 406 4177 4086 2611 4542 1811 4352 3053 1582 738 683 466
2089 441 1041 4532 1458 4315 26 4205 4350 1600 1793 3834 1937 1118 341 4976 3906 3437 397 2805
4206 376 1528 3607 2747 4043 3460 3906 3855 1617 4251 3917 2097 170 3494 4276 1709 605 4565 3864
105 4086 1233 1574 3990 2294 149 559 328 3530 4672 4214 3958 1793 2271 391 3683 2498 4486 4394
2191 2611 1970 1677 3159 516 1342 3813 1587 102 2564 2905 595 843 4756 1154 4276 4287 4401 1294
429 2221 527 2302 4603 4576 1528 3139 716 3372 871 4317 4798 3638 527 3586 1126 1855 557 2698
1808 3760 260 3482 453 2543 602 3146 3045 2552 1970 3045 2640 2092 2948 2008 1839 1962 3166 1622
3340 1643 4993 227 3982 1352 2800 2435 2568 1352 4490 2724 3332 761 4480 41 1208 3751 1110 2727
2938 3943 3719 3958 2377 1146 1226 1757 885 2505 3991 4915 4478 4240 4610 1455 2450 1128 2874 4252
3330 2951 3045 144 438 2298 2298 2007 3306 1094 2707 3251 4070 4214 1272 1837 2566 98 1076 1328
2391 3265 2883 2408 4094 3511 1659 3756 2843 1153 2294 4772 2315 4642 3165 1324 1625 4272 2191 2600
4495 4270 3276 3846 2775 623 4086 1690 2527 212 3632 3262 1572 1041 1041 4558 4012 3908 2048 335
4379 1782 3053 1041 3053 3053 1781 1875 3547 1431 831 186 3366 3401 2320 4818 2113 821 2735 2482
2935 2972 3957 4686 1511 3222 1508 4616 1681 4817 2311 1667 3426 4263 3705 59 3408 3172 2528 821
4387 864 1667 1731 1612 1273 2030 3670 1040 4490 3927 3218 3407 3344 2349 4598 3857 2776 3767 704
2082 1098 1749 2922 2466 1917 1347 606 72 1710 2611 1131 13 4027 4459 4480 1572 2122 3981 2747
3852 602 2415 1280 4425 2119 1973 981 1609 1840 1839 4415 4914 3939 753 114 1321 2294 4486 3651
605 3980 3156 1382 439 4080 2884 4933 809 1885 3760 2414 2702 3553 1577 1535 2291 1966 2293 3853
645 2640 3647 1866 112 604 1234 1873 4125 4784 3678 2344 4289 2613 1941 3813 1722 1530 4012 535
3009 372 2609 930 1066 2625 2368 3556 869 2082 41 1155 4668 2450 2131 2962 4859 2294 3991 3611
631 4239 204 3705 2242 4532 4890 4941 485 2244 2053 1592 3556 4831 1530 691 1243 1571 1088 3730
2385 4042 3508 3741 2394 2141 4090 1328 276 41 1430 1714 3811 4004 522 4832 2761 1494 4495 4029
1231 1041 4291 285 1207 1395 4522 3236 1205 4784 2998 829 4007 2272 2854 4817 65 4772 4159 4859
2164 2594 3189 215 2294 4594 54 102 2025 125 3349 3977 731 4484 2838 2027 2611 3014 573 3023
1039 4827 463 4531 1594 1141 1950 1498 3341 355 3057 3494 3401 4738 1041 605 3751 829 179 1582
4263 4094 1041 4855 2852 2255 2260 223 2414 2972 1662 2562 272 3022 339 2294 514 2166 1653 3906
4779 1608 3586 3760 1284 2439 4398 3939 4987 3190 652 4650 112 1636 2435 1805 2021 3252 4355 1966
4206 4042 1324 4978 305 1005 732 15 1689 2727 1673 88 1069 3001 3096 1622 3344 2092 2391 2027
3513 2639 895 3166 3478 2031 3977 4523 3471 3965 1708 4894 4939 4800 4894 1206 3760 2611 1083 3611
2962 3678 3005 4169 3670 1632 2036 2025 2290 2423 4209 2083 595 2377 889 549 4827 3611 1530 2631
4450 3218 4027 4333 131 3181 2369 3758 2042 1692 1041 1788 942 166 1476 821 778 1709 3363 2320
117 2107 3277 4845 456 3938 751 3602 740 3494 527 71 4672 1813 23 885 1413 990 3586 1947
664 1196 145 3842 1041 435 1219 4781 3847 3584 4010 4696 4994 3751 2611 1325 4313 1285 3372 41
1098 3141 1653 3226 166 4496 1833 1845 529 4860 4796 2349 2849 3674 2786 2557 3892 1112 2324 1328
