1654 766 4001 4010 890 4929 831 4894 2634 3081 1631 450 831 4757 1458 1818 3934 168 989 2611
112 1791 3607 885 2640 1508 1818 1041 2238 2788 4544 1022 481 595 180 3368 4012 349 2962 4228
3212 895 2074 4045 2727 1155 1679 4820 2945 2081 1458 4865 376 130 1530 1878 885 2477 4446 125
3422 2662 2922 3758 981 4670 1033 3836 1537 3790 1621 2050 799 3912 476 4310 2589 2266 4417 2321
766 3547 4894 885 4263 1633 1199 895 821 4686 1667 437 3672 804 377 3613 4164 4526 784 2289
704 1027 3045 3588 2528 2528 121 1345 375 3332 2087 704 1176 2348 2606 3830 104 415 2525 4697
516 3670 2914 4814 1446 602 1709 2087 2611 3470 2860 1139 1627 2895 542 1098 534 3790 3273 4302
4263 293 4585 4808 4076 2828 4912 3965 1592 803 1653 2644 2505 2030 3958 1088 4649 4515 1069 2349
3437 677 1346 1627 1166 1507 2408 2905 1314 4337 1969 3748 4529 4752 1126 1833 1011 379 3358 1342
562 3813 3758 534 790 2992 2390 704 4276 2640 1791 1572 4342 3408 1292 642 806 1088 2678 2139
811 4906 723 627 1566 4086 356 30 1074 4824 596 77 2922 595 436 3991 174 1658 125 172
4435 3971 3189 3906 886 4446 1941 2498 3674 2856 2564 1874 280 1573 2294 4405 3053 4094 3561 645
3130 132 2164 113 740 4490 874 3672 974 3971 3146 1814 3496 140 1405 4662 437 4698 201 748
3736 2110 1157 1784 2774 2871 743 2499 2105 3045 437 4010 181 3845 4168 4144 1441 3557 2252 2191
667 4779 690 970 709 3674 3457 4289 1690 4737 3528 1627 2006 3073 2304 645 2217 1041 1041 1655
4779 3670 4500 3424 1033 2085 595 602 836 4270 2118 365 2594 2061 2130 2074 1749 1056 4006 4504
4264 3054 3133 2415 2376 4565 4084 303 4355 2268 541 535 1198 3415 1531 3770 2851 4411 4855 4773
615 2599 1113 1653 1363 3586 2049 709 3408 215 963 1528 1083 4876 3607 4076 3667 4913 3053 1751
1328 1235 1349 3906 1562 403 4144 1142 4010 3243 293 4523 117 3611 3218 391 3494 1045 2131 833
1231 1734 2251 2132 1349 2782 3261 2450 4912 2707 782 2112 1212 1140 4709 2793 1431 4748 4976 1098
3908 4445 827 4596 378 4270 2189 2331 4342 2579 1054 3527 2292 1530 3939 4746 4480 4604 3396 1361
4259 1041 1041 3489 398 4289 3813 1954 1991 1041 1627 1041 1041 1041 1041 1041 672 436 1852 2963
2137 439 2645 4523 4394 2592 4537 4914 1294 4820 2139 4754 720 2964 4276 2566 1689 429 3339 693
4003 3019 4978 1957 2918 4267 3693 1508 4342 1098 2608 1352 3267 1941 3724 1814 1579 1076 3218 4312
2446 1315 2092 1140 2600 4252 1702 868 3378 4894 177 104 2911 2701 1549 2499 1813 285 108 3952
1172 170 1234 4850 808 194 1679 4095 4526 605 2854 3045 3167 1386 534 169 2993 3743 4215 2633
4817 2349 1667 4333 3053 1827 2067 2818 1486 2936 4127 1199 2793 3006 3727 3791 2677 165 3180 24
2570 2961 2661 3563 3710 3268 4565 4775 865 3851 1862 2595 2856 2992 1076 4016 4952 2030 4259 2090
3760 1275 4276 2918 2135 107 2320 3825 2308 2730 4817 2611 2950 2447 4989 2856 4670 2298 3383 4817
3820 1232 3220 2257 2415 822 1460 1889 2378 1458 602 2213 2191 3081 1346 1041 1041 3561 3659 2384
1097 3222 3672 2319 1891 2788 2268 248 4649 520 4876 2143 1464 683 1365 3303 4923 1254 1120 4796
3908 3611 3050 535 1316 2890 3032 4144 3053 930 688 3502 3756 1593 2649 3277 2897 4524 3053 4446
1040 3053 2528 4144 3719 732 3311 747 2643 879 2860 4267 3739 4239 2849 3678 2788 1381 2087 1347
3760 4756 2084 1012 3758 73 1484 2993 723 2634 3653 4180 299 3494 4829 3098 2922 1463 3908 1315
3270 1417 1310 1328 3946 174 2361 2030 2512 3415 1067 1837 1648 2248 4790 2564 462 1328 235 1917
1954 4252 112 1235 2945 2559 1957 2191 2849 314 1172 2025 980 2528 2727 3607 4086 4089 3852 2344
4270 1862 4953 3366 2759 638 2398 3813 356 2611 2440 4341 948 3944 6 3833 1979 2321 4543 4929
811 4125 1465 3002 2528 1002 2191 1826 443 4521 4678 4434 2065 2415 441 136 2067 4411 653 1142
1164 1235 1609 251 3900 1874 462 3467 3384 122 2552 589 4800 2450 4313 3749 105 2572 2921 3824
2300 1142 4481 1917 1346 2215 1041 4012 2611 3201 4957 2191 2294 2131 4998 4855 889 1743 1417 4058
2218 2951 1970 4250 3328 693 2408 1142 1047 4672 3494 2020 2788 454 2564 2240 1306 227 2399 4230
1066 2030 2444 2876 4378 2827 1837 3053 3790 1299 2005 4786 4389 3212 617 1550 364 460 3408 1320
1072 1627 4580 4086 2611 717 1970 4487 1009 1476 1713 1661 4378 1446 947 3729 157 1667 3586 3045
4311 2474 97 2611 2323 260 4990 2087 2672 1064 1154 1447 4746 4446 1279 1827 1395 1155 169 2179
4279 13 784 1681 4680 2049 1622 193 1861 4385 4287 590 2155 4575 2408 3971 4139 4653 3852 2922
3363 3467 1354 398 4291 599 3586 2721 1550 3862 1851 1213 1142 4817 3480 1565 474 3404 4672 3494
1083 3144 166 2788 2179 545 3252 1970 4487 1112 2507 3053 1998 101 4333 1141 4562 1993 2178 2270
3670 4816 2573 4798 3022 3028 4576 322 1083 1757 123 1089 4427 1007 2984 2958 3496 3490 4860 322
2616 2408 4307 148 2074 3276 4673 3224 3411 1674 2896 535 4435 3541 3147 526 203 3892 1902 3339
4134 962 698 3920 2408 3186 3982 3606 1797 233 3813 4576 12 3186 2390 2550 4331 4847 1840 987
1172 4908 3053 4449 3787 1046 602 3575 368 2827 4798 3958 4487 2462 3432 1548 2246 1011 633 335
2137 4596 273 437 3858 1180 4551 3081 4415 1124 1130 2727 437 3317 535 1027 438 938 1541 602
3181 3586 1139 831 1562 882 1028 2298 4711 4446 1153 1941 4941 3241 490 1709 2565 3413 1164 4596
782 2611 1157 2107 1580 2773 2922 862 3075 4315 3678 233 4957 3872 4273 2191 2611 3226 4100 2070
3908 4542 4213 3901 4438 1210 4877 2727 885 1726 4276 3022 3678 1303 1891 726 1559 437 3672 3045
4908 708 4827 821 2517 527 3547 4437 1885 1032 4044 2992 2087 4319 2050 1363 245 1622 3744 799
1172 3215 1837 1352 4594 1635 4289 3670 4411 2142 4096 2417 4751 112 3201 1128 1436 4985 2176 4243
3404 2063 3748 3853 2151 4037 1236 2220 3547 1858 2250 2820 1788 2111 1562 1041 1041 3747 4860 2148
698 1664 2220 2661 885 906 4960 2126 3215 1455 1227 4554 2696 2249 258 1395 1242 3547 2053 3891
782 3037 4926 1667 3004 4978 953 1511 2564 436 4851 1088 4530 2072 2685 2498 1061 877 381 940
4259 4124 26 1328 2963 2093 1757 3521 3566 4370 2208 2415 4441 672 4560 275 1622 2874 3749 3147
2992 2461 4123 4913 4252 1973 3045 260 1140 547 1470 2951 1158 3892 2176 2775 4921 4252 1308 4465
3407 3413 4276 1709 3054 2191 3509 2564 3051 2594 2120 4438 1173 3241 1969 2836 3413 602 1667 1627
3357 4602 1957 2213 2786 4827 4044 863 193 1572 3015 1105 418 572 1483 990 1653 1622 3977 2950
