227 828 341 4781 2556 2191 4737 3996 4851 4957 3434 4446 4317 2176 831 2707 799 2408 165 275
3946 2460 1030 774 3241 3372 2027 2227 4011 1791 1878 1508 1083 1043 2220 2626 581 3293 2428 2771
2779 486 4263 4976 1980 1133 3130 1328 2063 2450 4913 4369 2788 3017 4357 1142 4056 24 2481 2854
704 1692 3053 2956 4247 1577 3045 3852 550 3538 1667 2139 1880 3428 4044 2049 30 1443 1695 4847
2733 4604 1819 91 748 3065 4891 1335 871 3105 1565 3109 15 91 941 2348 2807 2015 312 3936
3760 828 524 4551 2320 821 4798 3527 1141 4860 2482 674 102 2634 2139 2343 799 1531 2531 3563
161 2529 3727 2179 2399 1342 1861 3339 2507 3739 835 4415 289 4398 4318 1139 2004 3053 2555 1891
474 4086 2414 667 2394 618 2014 2266 535 2203 4746 1072 463 4259 1988 4523 3212 4811 704 4897
2478 3570 230 3401 1601 1889 1041 596 3505 3457 4597 1321 3130 3177 1703 4471 2963 4817 404 413
161 2528 4967 2884 3130 4459 422 4529 1530 2860 2971 2482 602 2414 4394 1906 3384 3863 2391 1064
4206 4049 372 559 3189 2499 2594 2708 732 1789 4956 1390 437 1670 2905 3719 3659 1881 3222 1363
3340 2870 3220 2354 508 535 2849 2611 1975 1155 535 3906 4398 4480 602 2061 1941 3085 924 3977
4717 3143 2542 501 3045 3670 1066 391 4819 3655 2312 1881 1634 1565 1627 3096 1074 3830 1324 4410
1770 1015 4086 170 3408 790 2185 1861 3982 3514 2694 3852 2244 3094 2447 126 2139 798 165 4316
1395 3850 4753 3649 3672 4089 4044 112 4061 1413 3465 2610 2415 2450 1230 3291 4014 59 1906 2954
599 4098 4263 4046 2460 201 1455 3301 1002 2922 3674 1793 2611 2176 4011 4482 969 1942 4176 2074
1726 4967 251 2308 2936 2239 1643 2132 437 3409 998 1126 4476 3408 4915 782 4876 1906 2557 1840
4263 4987 2049 3968 593 3996 3505 293 251 4855 1166 2922 3236 4672 1126 3211 2657 2348 1074 1041
3404 1782 1937 258 981 2554 1382 3539 2256 2205 2111 4877 4861 3674 3106 1395 800 1718 2821 3813
3755 1537 4445 3612 41 1005 3670 2220 466 2191 2611 3223 372 1045 716 4395 779 2399 3409 3218
1328 4891 1012 3549 2191 1045 4407 1764 1465 504 2528 4694 4478 572 3649 2611 3827 41 1432 1328
4433 4626 3351 3281 1336 1139 4123 1128 42 3218 1166 3716 1604 4480 2294 3502 3332 1296 1827 1328
4576 4647 1290 3045 2308 3804 2788 2450 1749 2294 1090 657 2600 590 1275 364 2178 2860 2074 4482
1635 2981 1069 2408 4111 3877 4214 3278 3790 1213 1757 2611 4587 2131 593 28 2854 2298 2885 3586
4259 1818 1891 41 4510 95 1136 4116 4891 4214 2642 3758 788 2922 2408 1571 981 4759 4611 1582
1579 3957 636 4263 1089 13 1614 3340 29 1622 559 2642 636 1415 303 463 864 4698 2344 323
1328 760 3389 2815 1203 4873 3796 3721 3028 2340 3582 751 3428 535 2450 2087 1342 1203 2100 1625
3703 3400 1083 1232 771 1328 2300 3670 15 940 2294 2470 4312 3929 27 4461 1253 4376 1661 3366
2075 2044 1366 3518 1098 520 4957 4136 2439 1328 437 3019 4086 2049 4872 3295 4460 3796 1434 4596
2300 88 639 1194 3053 1885 3154 1775 4194 4041 899 742 2584 2978 4942 3134 4144 3190 4166 3030
3262 679 1125 1041 1041 3045 2191 2281 885 4184 515 3603 3672 4557 4383 1954 1345 2038 1243 1041
1653 1109 2054 886 1635 1040 2600 3761 3436 879 1614 3780 3115 1004 3539 1140 546 4924 3262 4814
2935 1635 1454 3222 535 1565 2433 4678 1957 605 501 4913 616 141 4987 663 3006 1791 2459 3039
1986 1244 3340 2298 166 4565 4603 4378 831 2223 1041 632 2315 1659 4248 3407 2220 759 3081 1261
3355 4293 2498 3346 3053 991 2860 2277 387 159 2320 2013 1155 1395 1373 4435 2369 751 105 4855
3130 321 4338 1136 2621 3827 2759 482 3968 1426 2829 1951 208 1083 3311 2440 526 3711 4576 965
471 3710 2972 2131 3463 1166 1395 1047 1830 4319 363 2799 3972 1396 707 2678 2191 4989 2393 4597
2905 2211 4646 4378 2600 1948 1472 2963 3366 1155 1064 1337 2057 1973 3758 2137 3053 3821 1346 4678
4259 1041 4558 378 254 3045 2462 2962 1549 599 3256 693 4709 4517 4259 2921 3946 4537 2131 3981
834 1186 570 941 3749 4504 131 3684 3082 1453 2131 1566 2178 3865 3908 1275 222 831 340 3332
1525 1825 2323 196 1288 3749 2528 2450 1365 2589 602 4243 3340 3071 3186 4936 2727 2133 3241 1774
77 3813 3148 4214 587 3769 3183 3773 237 705 1834 520 3878 438 4038 3535 4467 119 1119 1306
811 391 2238 437 1573 4342 4394 2410 4385 905 2139 1441 4012 3959 437 1593 2405 3598 1293 2527
4259 1842 2275 2504 2613 2945 2294 3879 868 1325 947 3053 2185 1007 2203 4798 1128 4328 151 402
4206 4342 820 605 4565 4480 2195 3384 4649 1480 1993 4214 3996 4086 1667 4838 1027 3741 831 4364
562 233 1408 4784 617 2884 742 1726 2696 726 4487 2090 3097 478 187 2993 3677 1749 882 3617
1769 2385 2993 2630 941 535 2191 1256 605 1882 402 452 3505 1029 1342 2089 22 4751 595 4287
544 1832 2498 2141 1885 1692 28 3241 233 462 3611 1203 2027 821 2087 4588 3236 527 218 364
1203 2521 4890 4375 3629 2564 2280 2611 341 2415 4994 4088 4957 3469 2294 102 340 4957 909 4847
3212 3014 1470 31 2856 214 2414 2521 2294 3502 3081 3465 2450 2220 1969 520 2640 2727 1232 4184
186 335 4718 2482 2191 1045 3751 1043 167 395 2191 1957 4402 3317 1319 602 192 4510 2993 1386
300 3378 2922 1770 4263 1155 13 2061 4231 3723 3134 2178 3494 2446 372 1012 1128 1040 4364 2408
3835 1278 1556 1397 230 4865 2818 102 675 4480 2050 486 3996 473 3772 4194 2067 3671 4994 4279
2733 3252 2528 3307 3109 2294 2131 2414 1692 4239 3852 1244 1452 2945 2227 2031 1582 1692 3312 368
1709 2521 1668 2727 3851 1455 1328 2408 3392 1292 559 4313 4781 296 4970 3563 262 1115 869 980
123 4877 693 2408 720 1920 1492 2699 1328 2049 437 3894 922 1918 3530 3187 3848 4053 3404 3711
3908 562 1653 1577 4670 963 1932 4313 3053 4990 2271 1342 151 3483 1627 2271 3678 4702 3340 3053
1328 4678 2496 4279 3498 2414 4891 4270 1791 998 335 940 2139 2298 1203 3097 1709 1139 771 2031
3346 4093 1154 2320 2621 4364 125 462 4357 1041 1465 1667 4565 2450 2376 1702 2641 3506 4407 1321
1006 1653 2674 776 248 1337 2897 773 1067 3366 2828 1267 1936 272 2408 2922 4985 3053 2482 44
936 3126 3852 1041 605 3678 59 324 4851 1993 799 4860 379 2129 2399 2049 2132 2611 3617 4052
2905 1041 1041 1041 463 2903 4850 3329 4490 558 4891 572 4321 3006 1321 3014 4438 2074 3045 704
4206 2450 3602 811 3131 2238 2900 3570 527 251 2393 1532 226 2701 278 1153 2360 2698 3683 36
1891 1692 1083 2163 876 3945 524 353 439 4817 3306 1766 3045 1413 4019 1973 2178 1041 378 4094
