2178 2948 4861 1537 2951 1041 3597 2191 1603 2640 4415 2459 1837 42 4672 2374 2907 1203 3496 683
4487 2450 4438 522 4587 4855 535 2244 2213 737 2979 2318 4649 1131 979 151 127 4230 3977 4594
3162 3813 1845 2431 1127 3846 3295 4855 3215 1089 3103 1352 2903 960 432 1301 119 42 2727 4840
3847 3561 4125 3970 280 1289 2209 3792 4355 2889 3217 4891 271 659 1906 2258 3494 1643 1346 3613
1287 49 1041 4817 1041 605 4012 751 3241 4465 850 447 969 3638 214 4259 4131 1782 1346 2470
3670 2411 1069 3525 4212 3991 1426 1041 364 645 366 2790 3330 2423 3760 4670 42 2105 4033 1041
2036 2345 3534 3494 2290 4816 2414 4415 2408 90 1784 1667 2993 4487 3611 1253 941 3372 2327 3114
3340 4319 2331 2711 3380 2963 3200 30 3548 4014 2547 2611 2294 2863 4248 4902 773 2611 4333 1178
2399 4736 3133 2294 4880 2682 2657 376 3827 443 3959 897 1205 3714 1659 2246 2788 2865 1088 1970
1083 1234 1972 1864 3779 2655 2294 1556 707 3520 1140 3378 1301 1397 2450 4401 4784 3378 4108 2942
3561 3919 262 2838 4446 4940 2522 2529 4769 4817 1726 1047 622 3403 595 2912 452 3344 1088 358
2559 4952 330 3946 2294 2131 1789 4851 391 1150 3566 602 1088 3058 1155 1130 4123 1375 1328 91
4754 4185 2259 3045 3170 1303 2308 2246 1575 2131 2298 3383 3130 2521 4401 1335 4976 2174 602 895
3363 3791 138 4024 3855 3502 1791 3678 2687 4261 3019 437 0 636 4307 2481 602 1582 508 4919
1975 4785 2611 1891 687 15 4248 3239 4786 4597 4179 381 3330 3081 4629 1914 2177 2302 3639 675
770 1848 2049 4507 4052 3882 3570 4596 3670 3019 682 1011 3146 26 2778 3790 2552 4125 4276 407
557 3077 2366 3550 896 4914 2063 2191 2611 2450 3570 437 1571 3820 3711 3502 218 1097 1753 3906
4270 3679 4286 3441 2611 4010 373 4865 1726 4379 3530 1913 1789 1035 734 3952 4872 2121 4461 4956
2962 1582 4080 878 1098 3804 436 3583 1617 3110 3652 113 4865 3586 1388 3045 4353 3734 2030 4232
4259 1041 3060 1627 3749 3478 3580 1142 2271 4526 1132 3302 272 1726 3045 3354 4125 4994 2611 4859
3725 1232 549 1617 2471 4526 1041 3647 1342 909 1064 1750 821 1316 117 1328 1352 1088 1159 4994
602 622 4152 3292 2346 1786 324 2331 4646 1002 1484 813 438 1779 1667 4364 4180 2912 4796 2176
3404 4342 3670 260 2092 4476 4817 74 1041 1041 803 2381 896 698 3494 4891 2600 4738 3105 1418
3212 4626 987 2049 1629 3368 1097 4805 3061 1346 4757 1328 2268 1153 1088 2137 4891 4086 1346 1223
3346 1007 2652 2786 2922 4168 341 1343 495 3384 817 1346 439 2831 112 1294 2031 1687 3522 71
4062 4415 1659 753 222 1622 3603 2415 2886 2131 3760 166 2847 4678 562 1844 4415 2408 1241 4446
602 723 2854 4100 2255 1346 3982 1880 2528 3429 3190 1293 97 3384 3962 2761 4398 4891 335 781
1556 3670 4094 4941 3613 453 2963 374 3320 510 587 2139 1667 4565 2551 4149 301 4999 1213 2191
2300 2364 938 2564 4276 4263 3977 3022 828 1571 2763 2327 3982 1891 4987 4587 1072 4891 2385 4941
4259 3065 4338 1663 2989 3297 2976 1538 4528 889 4483 4891 4086 30 590 2344 2053 1041 3053 1041
4080 4587 1975 3031 4709 829 797 540 1622 1689 4558 1970 4487 558 1331 3053 4471 2131 4576 1774
816 558 2678 1881 3678 90 3827 1726 4994 3557 1879 602 1726 3494 4248 3311 4342 2533 2408 123
4512 987 2408 971 30 220 1710 2699 1980 3482 15 813 1667 941 922 2905 2025 2191 3724 2376
1050 435 1041 1041 1098 2922 2611 4086 1726 558 2611 1458 2699 1432 3372 2611 668 3651 490 726
1565 2408 1328 761 3105 3134 2132 102 4252 2049 4891 947 2399 4891 2294 3057 2017 2084 4926 1603
1537 562 1690 2334 3392 80 4891 3236 2528 850 2824 2410 270 4201 72 1071 3264 2127 3053 3223
3212 2828 947 3307 1063 4500 15 981 379 2999 2666 2247 2521 708 2374 2564 4757 365 112 4209
562 3453 2898 2613 310 3068 4776 28 742 365 2611 1155 294 1667 4333 3561 2039 3939 4597 1041
3946 3600 3236 4829 4590 1318 4611 722 2272 2507 4707 4012 2611 2070 4469 3258 3073 2399 474 1536
2312 3086 2271 2124 4086 2773 2435 122 1000 413 437 1166 4154 1709 2391 421 4086 397 4406 3045
1561 4415 4086 2157 225 2111 2854 2399 522 3014 4913 3968 4086 1531 1223 2822 2640 2640 4934 2624
218 4097 2410 4068 2314 924 1392 1179 4655 2077 4044 2087 3678 4817 1328 4014 1382 237 1689 925
4237 2952 3588 474 2611 2271 2195 2779 4263 293 2242 4263 1334 4337 443 4252 4817 535 2652 4602
1306 4994 1094 2893 4737 280 2844 286 2611 1545 1482 1750 2667 2922 1627 4131 687 1813 3606 1720
3938 2934 733 2860 204 3108 2905 595 1172 4270 3574 3045 2031 1667 2393 2927 4104 4313 692 1862
1579 695 1957 1045 2131 2036 704 4737 1041 4798 1627 1495 938 2271 2444 3212 103 2897 1599 4473
3340 793 4531 783 3383 3494 1494 1311 672 0 1941 2727 2611 3727 1494 2417 1440 435 1969 1083
2313 761 3311 4439 82 4017 2450 827 4827 1674 713 309 241 2678 305 30 1622 4621 1921 4873
2065 4691 2323 1957 1413 2271 2602 2191 24 3081 3240 3671 1415 4458 336 1326 3434 4131 4709 4791
2679 1041 2981 2217 4602 3724 2027 4665 1041 1041 1041 930 3328 3222 1443 2191 559 572 4616 1622
2300 3091 4378 3133 3341 776 4851 2205 2543 466 2191 4772 280 3980 4315 3073 2353 1582 2611 1041
2612 3282 48 2609 2761 4430 3674 723 2074 2131 1659 3946 1973 159 3105 854 3429 4727 2874 2298
1354 820 4350 2129 1749 2420 4166 3332 749 3678 2408 1041 1041 391 2410 1977 3969 788 1395 4485
3574 3045 1885 2501 831 3557 2946 1217 2013 3199 535 1041 3053 1154 2344 3060 4044 1689 936 1913
3473 1786 4364 4940 1511 4855 4379 1983 3513 1749 2946 3045 4504 2945 3105 4601 4543 1465 2586 437
4667 2689 41 1880 4058 559 2049 3968 3832 2992 3506 4287 2600 3665 3384 3760 2905 3366 704 430
2707 767 1453 602 3404 2413 2288 4601 1312 2450 2499 644 1681 668 1139 3467 3496 4378 49 527
1002 2661 2354 2911 3927 1056 1653 174 2913 591 2139 723 4837 193 254 595 349 402 2030 3220
1913 4270 171 3995 4040 3341 2611 1813 618 3872 1784 41 2079 3946 4542 264 122 796 811 1667
1030 2428 217 2860 4154 4224 3147 3518 1667 4891 233 1638 1325 1469 591 1153 4840 1088 2191 751
4270 3823 2082 419 2029 535 3774 2414 1375 1415 4817 2391 3045 1482 425 1112 3248 3651 798 2922
2733 1344 2611 3556 3580 745 749 260 793 147 1643 895 895 4352 4342 4978 2611 2611 2191 751
4270 3241 726 781 1630 2564 4350 732 3685 1571 2137 1088 2213 2323 2828 3630 1848 1346 1749 1782
187 2611 1880 1659 4239 1818 4446 3494 2954 766 2623 2789 4198 403 1034 2281 1494 333 1962 4855
